
# OSU MPI Allgather Latency Test v5.6.2
# Size       Avg Latency(us)
1                      18.79
2                       2.89
4                       2.90
8                       3.01
16                      3.47
32                      3.68
64                      3.58
128                     3.98
256                     4.81
512                     6.53
1024                   10.35
2048                   20.02
4096                   37.51
8192                   65.62
16384                  89.10
32768                 168.97
65536                 445.73
131072                890.98
262144               2219.33
524288               4545.52
1048576              9208.38

# OSU MPI Allgather Latency Test v5.6.2
# Size       Avg Latency(us)
1                       4.20
2                       3.96
4                       3.89
8                       3.80
16                      4.22
32                      4.54
64                      4.09
128                     4.41
256                     5.12
512                     6.69
1024                   10.33
2048                   19.81
4096                   37.23
8192                   67.05
16384                  87.73
32768                 169.10
65536                 446.60
131072                890.23
262144               2330.79
524288               4599.83
1048576              9329.43

# OSU MPI Allgather Latency Test v5.6.2
# Size       Avg Latency(us)
1                       4.27
2                       3.99
4                       3.93
8                       3.84
16                      4.22
32                      4.35
64                      4.02
128                     4.39
256                     5.14
512                     6.75
1024                   10.53
2048                   19.90
4096                   37.26
8192                   66.92
16384                  86.39
32768                 166.23
65536                 448.65
131072                888.82
262144               2297.24
524288               4535.17
1048576              9267.43

# OSU MPI Allgather Latency Test v5.6.2
# Size       Avg Latency(us)
1                       4.30
2                       4.07
4                       3.89
8                       3.90
16                      4.28
32                      4.37
64                      4.16
128                     4.43
256                     5.18
512                     6.81
1024                   10.51
2048                   19.83
4096                   37.26
8192                   66.06
16384                  87.81
32768                 169.08
65536                 437.79
131072                884.30
262144               2238.63
524288               4558.92
1048576              9408.44

# OSU MPI Allgather Latency Test v5.6.2
# Size       Avg Latency(us)
1                       4.32
2                       3.96
4                       3.86
8                       3.85
16                      4.26
32                      4.40
64                      4.13
128                     4.42
256                     5.15
512                     6.74
1024                   10.37
2048                   19.55
4096                   36.58
8192                   65.73
16384                  87.83
32768                 168.02
65536                 442.71
131072                910.67
262144               2270.67
524288               4480.51
1048576              9054.83

# OSU MPI Allgather Latency Test v5.6.2
# Size       Avg Latency(us)
1                       4.65
2                       4.05
4                       3.91
8                       3.90
16                      4.40
32                      4.48
64                      4.12
128                     4.53
256                     5.22
512                     6.81
1024                   10.41
2048                   19.74
4096                   36.98
8192                   68.94
16384                  86.77
32768                 166.21
65536                 445.31
131072                889.39
262144               2289.99
524288               4579.38
1048576              9196.99

# OSU MPI Allgather Latency Test v5.6.2
# Size       Avg Latency(us)
1                       4.24
2                       4.03
4                       3.93
8                       3.90
16                      4.30
32                      4.46
64                      4.17
128                     4.56
256                     5.25
512                     6.81
1024                   10.34
2048                   19.62
4096                   36.83
8192                   68.41
16384                  87.80
32768                 169.40
65536                 442.89
131072                890.33
262144               2273.24
524288               4551.81
1048576              9257.65

# OSU MPI Allgather Latency Test v5.6.2
# Size       Avg Latency(us)
1                       4.31
2                       4.05
4                       3.92
8                       3.87
16                      4.34
32                      4.36
64                      4.12
128                     4.46
256                     5.16
512                     6.75
1024                   10.37
2048                   19.70
4096                   36.97
8192                   67.76
16384                  87.32
32768                 167.62
65536                 440.86
131072                876.93
262144               2311.23
524288               4519.64
1048576              9497.36

# OSU MPI Allgather Latency Test v5.6.2
# Size       Avg Latency(us)
1                       4.28
2                       3.99
4                       3.95
8                       3.94
16                      4.60
32                      4.37
64                      4.18
128                     4.47
256                     5.21
512                     6.80
1024                   10.40
2048                   19.84
4096                   37.29
8192                   66.34
16384                  86.47
32768                 166.59
65536                 438.31
131072                876.37
262144               2236.74
524288               4602.51
1048576              9240.09

# OSU MPI Allgather Latency Test v5.6.2
# Size       Avg Latency(us)
1                       4.10
2                       3.85
4                       3.80
8                       3.71
16                      4.16
32                      4.24
64                      4.10
128                     4.41
256                     5.18
512                     6.66
1024                   10.35
2048                   19.84
4096                   37.24
8192                   65.86
16384                  87.84
32768                 169.08
65536                 441.33
131072                902.50
262144               2288.52
524288               4511.74
1048576              9189.32

# OSU MPI Allgather Latency Test v5.6.2
# Size       Avg Latency(us)
1                       4.38
2                       4.06
4                       3.93
8                       3.93
16                      4.40
32                      4.51
64                      4.17
128                     4.51
256                     5.30
512                     6.84
1024                   10.47
2048                   19.80
4096                   37.28
8192                   65.89
16384                  87.78
32768                 168.88
65536                 455.67
131072                890.89
262144               2251.95
524288               4494.61
1048576              9249.60

# OSU MPI Allgather Latency Test v5.6.2
# Size       Avg Latency(us)
1                       4.17
2                       3.90
4                       3.80
8                       3.83
16                      4.20
32                      4.22
64                      4.00
128                     4.35
256                     5.04
512                     6.73
1024                   10.33
2048                   19.62
4096                   36.77
8192                   65.81
16384                  86.35
32768                 165.96
65536                 433.76
131072                875.96
262144               2246.73
524288               4561.04
1048576              9532.09

# OSU MPI Allgather Latency Test v5.6.2
# Size       Avg Latency(us)
1                       4.00
2                       3.71
4                       3.71
8                       3.80
16                      4.08
32                      4.19
64                      3.90
128                     4.28
256                     5.00
512                     6.55
1024                   10.38
2048                   20.04
4096                   37.50
8192                   66.83
16384                  87.36
32768                 168.98
65536                 434.34
131072                884.60
262144               2289.39
524288               4565.01
1048576              9173.10

# OSU MPI Allgather Latency Test v5.6.2
# Size       Avg Latency(us)
1                       4.31
2                       3.99
4                       3.85
8                       3.91
16                      4.39
32                      4.44
64                      4.19
128                     4.45
256                     5.17
512                     6.85
1024                   10.51
2048                   19.88
4096                   37.25
8192                   68.16
16384                  87.72
32768                 168.51
65536                 450.21
131072                890.11
262144               2321.24
524288               4523.85
1048576              9168.94

# OSU MPI Allgather Latency Test v5.6.2
# Size       Avg Latency(us)
1                       4.29
2                       4.15
4                       3.88
8                       3.89
16                      4.29
32                      4.33
64                      4.15
128                     4.43
256                     5.19
512                     6.78
1024                   10.36
2048                   19.79
4096                   37.01
8192                   65.86
16384                  87.86
32768                 168.51
65536                 438.24
131072                888.44
262144               2220.67
524288               4515.22
1048576              9212.92

# OSU MPI Allgather Latency Test v5.6.2
# Size       Avg Latency(us)
1                       4.22
2                       3.95
4                       3.89
8                       3.87
16                      4.40
32                      4.38
64                      4.12
128                     4.46
256                     5.19
512                     6.78
1024                   10.35
2048                   19.63
4096                   36.82
8192                   66.54
16384                  87.88
32768                 167.69
65536                 439.84
131072                881.83
262144               2255.05
524288               4416.85
1048576              9472.81

# OSU MPI Allgather Latency Test v5.6.2
# Size       Avg Latency(us)
1                       4.35
2                       4.05
4                       3.92
8                       4.00
16                      4.24
32                      4.35
64                      4.24
128                     4.48
256                     5.14
512                     6.76
1024                   10.49
2048                   19.78
4096                   37.07
8192                   66.11
16384                  86.55
32768                 165.96
65536                 441.93
131072                885.59
262144               2219.36
524288               4587.64
1048576              9312.05

# OSU MPI Allgather Latency Test v5.6.2
# Size       Avg Latency(us)
1                       4.26
2                       3.97
4                       3.88
8                       3.78
16                      4.24
32                      4.35
64                      4.04
128                     4.44
256                     5.11
512                     6.74
1024                   10.40
2048                   19.93
4096                   37.48
8192                   66.90
16384                  87.62
32768                 168.55
65536                 441.18
131072                884.96
262144               2269.36
524288               4501.49
1048576              9102.42

# OSU MPI Allgather Latency Test v5.6.2
# Size       Avg Latency(us)
1                       4.36
2                       4.04
4                       3.92
8                       4.00
16                      4.36
32                      4.43
64                      4.18
128                     4.51
256                     5.22
512                     6.82
1024                   10.47
2048                   19.90
4096                   37.32
8192                   66.41
16384                  88.06
32768                 169.35
65536                 445.05
131072                889.67
262144               2280.19
524288               4613.71
1048576              9148.33

# OSU MPI Allgather Latency Test v5.6.2
# Size       Avg Latency(us)
1                       4.27
2                       3.98
4                       3.87
8                       3.88
16                      4.30
32                      4.38
64                      4.10
128                     4.44
256                     5.16
512                     6.79
1024                   10.45
2048                   19.85
4096                   37.22
8192                   68.97
16384                  87.75
32768                 168.77
65536                 446.26
131072                899.36
262144               2300.04
524288               4563.26
1048576              9319.27
