
# OSU MPI All-to-All Personalized Exchange Latency Test v5.6.2
# Size       Avg Latency(us)
1                      33.68
2                      35.48
4                      36.38
8                      38.46
16                     40.90
32                     46.10
64                     57.88
128                    82.55
256                   188.00
512                   321.36
1024                  599.83
2048                 1080.16
4096                 2177.64
8192                 5083.58
16384               14443.22
32768               36008.05
65536               78310.81
131072             170866.42
262144             328226.52

# OSU MPI All-to-All Personalized Exchange Latency Test v5.6.2
# Size       Avg Latency(us)
1                      33.56
2                      35.57
4                      36.45
8                      38.45
16                     40.84
32                     46.15
64                     57.82
128                    82.68
256                   189.38
512                   322.06
1024                  594.98
2048                 1074.21
4096                 2173.70
8192                 5094.33
16384               14399.65
32768               36049.72
65536               78053.67
131072             170863.31
262144             328235.95

# OSU MPI All-to-All Personalized Exchange Latency Test v5.6.2
# Size       Avg Latency(us)
1                      33.47
2                      35.52
4                      36.33
8                      38.37
16                     40.80
32                     46.05
64                     57.80
128                    83.26
256                   189.99
512                   321.69
1024                  594.87
2048                 1078.40
4096                 2171.26
8192                 5105.17
16384               14414.28
32768               36281.23
65536               78171.86
131072             170771.16
262144             328472.33

# OSU MPI All-to-All Personalized Exchange Latency Test v5.6.2
# Size       Avg Latency(us)
1                      33.57
2                      35.50
4                      36.32
8                      38.43
16                     41.08
32                     46.02
64                     58.11
128                    82.75
256                   190.40
512                   322.54
1024                  593.59
2048                 1070.83
4096                 2173.27
8192                 5101.85
16384               14451.20
32768               35946.79
65536               78165.97
131072             170834.38
262144             328427.79

# OSU MPI All-to-All Personalized Exchange Latency Test v5.6.2
# Size       Avg Latency(us)
1                      33.60
2                      35.61
4                      36.35
8                      38.46
16                     40.87
32                     46.19
64                     57.86
128                    82.89
256                   188.78
512                   322.39
1024                  595.88
2048                 1076.91
4096                 2189.46
8192                 5048.30
16384               14390.16
32768               36122.36
65536               78457.93
131072             170998.21
262144             328454.69

# OSU MPI All-to-All Personalized Exchange Latency Test v5.6.2
# Size       Avg Latency(us)
1                      33.58
2                      35.46
4                      36.27
8                      38.39
16                     40.84
32                     46.15
64                     57.88
128                    82.77
256                   188.82
512                   321.31
1024                  588.01
2048                 1067.87
4096                 2171.65
8192                 5113.24
16384               14371.97
32768               35962.10
65536               78225.82
131072             170877.92
262144             328264.72

# OSU MPI All-to-All Personalized Exchange Latency Test v5.6.2
# Size       Avg Latency(us)
1                      33.71
2                      35.57
4                      36.34
8                      38.40
16                     40.77
32                     46.09
64                     57.87
128                    82.89
256                   189.51
512                   321.90
1024                  593.39
2048                 1078.09
4096                 2196.02
8192                 5067.84
16384               14441.37
32768               35928.64
65536               78109.34
131072             170858.42
262144             328561.31

# OSU MPI All-to-All Personalized Exchange Latency Test v5.6.2
# Size       Avg Latency(us)
1                      33.61
2                      35.51
4                      36.31
8                      38.44
16                     40.78
32                     46.09
64                     57.68
128                    82.42
256                   189.45
512                   320.96
1024                  597.76
2048                 1074.30
4096                 2167.22
8192                 5069.52
16384               14389.05
32768               36164.91
65536               78287.71
131072             170805.82
262144             328235.45

# OSU MPI All-to-All Personalized Exchange Latency Test v5.6.2
# Size       Avg Latency(us)
1                      34.11
2                      35.64
4                      36.27
8                      38.63
16                     41.17
32                     46.23
64                     57.94
128                    83.05
256                   190.05
512                   322.17
1024                  598.12
2048                 1078.61
4096                 2184.66
8192                 5102.89
16384               14787.14
32768               35772.58
65536               78000.16
131072             170809.55
262144             328254.57

# OSU MPI All-to-All Personalized Exchange Latency Test v5.6.2
# Size       Avg Latency(us)
1                      33.61
2                      35.58
4                      36.26
8                      38.50
16                     40.86
32                     46.07
64                     57.89
128                    82.87
256                   189.69
512                   321.35
1024                  596.46
2048                 1081.21
4096                 2169.02
8192                 5069.57
16384               14422.50
32768               35896.69
65536               78094.96
131072             170869.82
262144             328458.90

# OSU MPI All-to-All Personalized Exchange Latency Test v5.6.2
# Size       Avg Latency(us)
1                      33.64
2                      35.57
4                      36.31
8                      38.39
16                     40.84
32                     46.13
64                     57.86
128                    82.87
256                   188.47
512                   320.75
1024                  593.22
2048                 1076.09
4096                 2209.45
8192                 5128.73
16384               14423.23
32768               35866.51
65536               78138.27
131072             170767.86
262144             328443.21

# OSU MPI All-to-All Personalized Exchange Latency Test v5.6.2
# Size       Avg Latency(us)
1                      33.57
2                      35.57
4                      36.30
8                      38.46
16                     40.81
32                     46.14
64                     57.88
128                    82.58
256                   188.99
512                   321.48
1024                  592.98
2048                 1073.94
4096                 2173.24
8192                 5114.27
16384               14449.65
32768               35942.31
65536               78089.69
131072             170947.93
262144             328312.05

# OSU MPI All-to-All Personalized Exchange Latency Test v5.6.2
# Size       Avg Latency(us)
1                      33.57
2                      35.53
4                      36.33
8                      38.37
16                     40.76
32                     46.11
64                     58.20
128                    83.02
256                   189.76
512                   320.58
1024                  600.65
2048                 1076.90
4096                 2177.82
8192                 5094.68
16384               14421.90
32768               35853.22
65536               78230.88
131072             171008.91
262144             328541.66

# OSU MPI All-to-All Personalized Exchange Latency Test v5.6.2
# Size       Avg Latency(us)
1                      33.71
2                      35.56
4                      36.53
8                      38.55
16                     40.92
32                     46.31
64                     57.87
128                    83.03
256                   189.28
512                   321.17
1024                  600.68
2048                 1076.80
4096                 2180.18
8192                 5128.59
16384               14808.49
32768               35951.79
65536               77902.12
131072             170887.19
262144             328417.58

# OSU MPI All-to-All Personalized Exchange Latency Test v5.6.2
# Size       Avg Latency(us)
1                      33.60
2                      35.53
4                      36.59
8                      38.39
16                     40.80
32                     46.23
64                     57.77
128                    82.93
256                   188.86
512                   321.62
1024                  595.56
2048                 1075.54
4096                 2171.42
8192                 5109.75
16384               14427.15
32768               36172.09
65536               78080.90
131072             170748.46
262144             328420.91
