Flag 0
Flag 1
Flag 2
Flag 3
Flag 4
Flag 5

# OSU MPI Allgather Latency Test v5.6.2
# Size       Avg Latency(us)
1                     140.67
2                     139.91
4                     139.59
8                     140.48
16                    150.50
32                    138.91
64                    139.95
128                   141.75
256                   124.56
512                   113.32
1024                  124.47
2048                  163.42
4096                  268.79
8192                  438.37
16384                 974.53
32768                2161.08
65536                3742.37
131072               7821.72
262144              16620.38
524288              33436.81
1048576             67621.72
2097152            140278.92
Flag 0
Flag 1
Flag 2
Flag 3
Flag 4
Flag 5

# OSU MPI Allgather Latency Test v5.6.2
# Size       Avg Latency(us)
1                      97.37
2                      97.53
4                      98.76
8                      96.37
16                     96.34
32                     98.60
64                     89.20
128                   111.40
256                    97.04
512                   103.32
1024                  121.46
2048                  165.75
4096                  257.34
8192                  432.91
16384                 982.90
32768                2229.30
65536                3754.98
131072               7782.43
262144              16603.25
524288              33463.99
1048576             67633.38
2097152            141518.12
Flag 0
Flag 1
Flag 2
Flag 3
Flag 4
Flag 5

# OSU MPI Allgather Latency Test v5.6.2
# Size       Avg Latency(us)
1                      98.31
2                      97.53
4                      98.52
8                      98.67
16                     97.41
32                     97.31
64                     92.30
128                   111.36
256                    97.35
512                   103.12
1024                  122.22
2048                  165.19
4096                  258.41
8192                  434.55
16384                1028.90
32768                2254.28
65536                3755.58
131072               7783.44
262144              16620.83
524288              33443.23
1048576             67657.54
2097152            142114.75
Flag 0
Flag 1
Flag 2
Flag 3
Flag 4
Flag 5

# OSU MPI Allgather Latency Test v5.6.2
# Size       Avg Latency(us)
1                      73.03
2                      73.94
4                      73.40
8                      73.73
16                     73.68
32                     74.32
64                     71.97
128                    79.30
256                    89.23
512                   101.20
1024                  124.85
2048                  161.44
4096                  257.95
8192                  431.73
16384                 974.20
32768                2145.02
65536                3797.27
131072               7785.72
262144              16590.07
524288              33483.85
1048576             67611.26
2097152            140582.15
Flag 0
Flag 1
Flag 2
Flag 3
Flag 4
Flag 5

# OSU MPI Allgather Latency Test v5.6.2
# Size       Avg Latency(us)
1                      75.22
2                      73.86
4                      74.60
8                      75.01
16                     74.54
32                     74.86
64                     71.47
128                    79.60
256                    88.86
512                   101.10
1024                  136.68
2048                  161.85
4096                  260.78
8192                  432.55
16384                 970.01
32768                2156.83
65536                3801.19
131072               7786.70
262144              16591.68
524288              33463.26
1048576             67600.71
2097152            141097.97
Flag 0
Flag 1
Flag 2
Flag 3
Flag 4
Flag 5

# OSU MPI Allgather Latency Test v5.6.2
# Size       Avg Latency(us)
1                      66.78
2                      66.86
4                      66.95
8                      67.51
16                     67.02
32                     67.61
64                     68.49
128                    76.82
256                    88.09
512                   100.86
1024                  120.85
2048                  176.86
4096                  257.73
8192                  432.97
16384                 974.35
32768                2154.02
65536                3781.48
131072               7814.87
262144              16627.18
524288              33486.65
1048576             67667.00
2097152            140788.78
Flag 0
Flag 1
Flag 2
Flag 3
Flag 4
Flag 5

# OSU MPI Allgather Latency Test v5.6.2
# Size       Avg Latency(us)
1                      70.30
2                      70.06
4                      70.83
8                      70.89
16                     70.47
32                     70.86
64                     70.08
128                    78.37
256                    89.18
512                   101.10
1024                  124.41
2048                  174.58
4096                  257.96
8192                  430.92
16384                 972.52
32768                2161.32
65536                3798.24
131072               7820.11
262144              16600.65
524288              33469.14
1048576             67592.72
2097152            140629.66
Flag 0
Flag 1
Flag 2
Flag 3
Flag 4
Flag 5

# OSU MPI Allgather Latency Test v5.6.2
# Size       Avg Latency(us)
1                      66.59
2                      66.53
4                      66.60
8                      67.40
16                     66.94
32                     67.44
64                     68.34
128                    76.81
256                    88.18
512                   100.87
1024                  121.15
2048                  175.21
4096                  257.57
8192                  433.79
16384                 975.92
32768                2162.54
65536                3780.28
131072               7787.83
262144              16588.13
524288              33495.07
1048576             67673.74
2097152            140627.26
Flag 0
Flag 1
Flag 2
Flag 3
Flag 4
Flag 5

# OSU MPI Allgather Latency Test v5.6.2
# Size       Avg Latency(us)
1                      74.62
2                      74.43
4                      74.67
8                      75.14
16                     75.18
32                     75.28
64                     71.79
128                    79.41
256                    89.19
512                   101.08
1024                  135.39
2048                  161.34
4096                  259.67
8192                  432.24
16384                 970.12
32768                2156.30
65536                3792.75
131072               7812.78
262144              16600.79
524288              33490.99
1048576             67625.04
2097152            140748.36
Flag 0
Flag 1
Flag 2
Flag 3
Flag 4
Flag 5

# OSU MPI Allgather Latency Test v5.6.2
# Size       Avg Latency(us)
1                      73.31
2                      73.61
4                      74.33
8                      74.94
16                     75.45
32                     73.67
64                     72.41
128                    79.54
256                    89.02
512                   100.96
1024                  135.74
2048                  161.38
4096                  259.38
8192                  432.43
16384                 972.99
32768                2161.26
65536                3806.99
131072               7817.50
262144              16611.07
524288              33498.46
1048576             67589.43
2097152            141180.92
Flag 0
Flag 1
Flag 2
Flag 3
Flag 4
Flag 5

# OSU MPI Allgather Latency Test v5.6.2
# Size       Avg Latency(us)
1                      73.79
2                      74.50
4                      75.45
8                      74.37
16                     74.40
32                     75.48
64                     72.24
128                    79.69
256                    90.02
512                   101.09
1024                  135.97
2048                  161.72
4096                  260.37
8192                  431.36
16384                 972.72
32768                2169.27
65536                3799.20
131072               7790.38
262144              16598.79
524288              33485.05
1048576             67637.92
2097152            141221.66
Flag 0
Flag 1
Flag 2
Flag 3
Flag 4
Flag 5

# OSU MPI Allgather Latency Test v5.6.2
# Size       Avg Latency(us)
1                      97.48
2                      97.51
4                      97.15
8                      97.98
16                     98.65
32                     98.38
64                     89.67
128                   106.29
256                    96.21
512                   103.85
1024                  121.57
2048                  164.14
4096                  257.41
8192                  433.66
16384                 975.32
32768                2264.53
65536                3759.03
131072               7782.88
262144              16627.50
524288              33450.77
1048576             67652.75
2097152            141572.34
Flag 0
Flag 1
Flag 2
Flag 3
Flag 4
Flag 5

# OSU MPI Allgather Latency Test v5.6.2
# Size       Avg Latency(us)
1                      78.82
2                      79.84
4                      79.40
8                      80.32
16                     78.08
32                     78.95
64                     75.25
128                    81.60
256                    90.20
512                   103.84
1024                  132.21
2048                  161.68
4096                  260.82
8192                  431.33
16384                 968.15
32768                2151.87
65536                3806.27
131072               7796.49
262144              16612.07
524288              33434.99
1048576             67678.05
2097152            140949.04
Flag 0
Flag 1
Flag 2
Flag 3
Flag 4
Flag 5

# OSU MPI Allgather Latency Test v5.6.2
# Size       Avg Latency(us)
1                      76.60
2                      76.60
4                      77.31
8                      77.37
16                     76.37
32                     76.14
64                     73.95
128                    81.00
256                    89.74
512                   101.26
1024                  134.81
2048                  161.68
4096                  261.16
8192                  432.42
16384                 971.01
32768                2154.80
65536                3804.90
131072               7809.53
262144              16597.88
524288              33470.36
1048576             67628.01
2097152            140890.78
Flag 0
Flag 1
Flag 2
Flag 3
Flag 4
Flag 5

# OSU MPI Allgather Latency Test v5.6.2
# Size       Avg Latency(us)
1                      71.86
2                      71.55
4                      72.13
8                      71.88
16                     71.62
32                     71.42
64                     70.40
128                    78.86
256                    88.89
512                   100.81
1024                  122.82
2048                  174.09
4096                  257.80
8192                  430.60
16384                 978.34
32768                2159.81
65536                3798.37
131072               7777.75
262144              16580.88
524288              33475.38
1048576             67554.42
2097152            140563.08
