Flag 0
Flag 1
Flag 2
Flag 3
Flag 4
Flag 5

# OSU MPI Allgather Latency Test v5.6.2
# Size       Avg Latency(us)
1                      98.00
2                      98.13
4                      98.82
8                      96.79
16                     99.69
32                     99.35
64                     89.42
128                   110.42
256                    95.11
512                   102.75
1024                  121.39
2048                  166.56
4096                  256.66
8192                  433.62
16384                 984.73
32768                2300.58
65536                3759.32
131072               7851.71
262144              16577.41
524288              33470.68
1048576             67703.33
2097152            159829.47
Flag 0
Flag 1
Flag 2
Flag 3
Flag 4
Flag 5

# OSU MPI Allgather Latency Test v5.6.2
# Size       Avg Latency(us)
1                     138.22
2                     139.99
4                     139.33
8                     140.25
16                    153.83
32                    140.42
64                    136.06
128                   146.00
256                   130.17
512                   115.41
1024                  123.92
2048                  162.85
4096                  275.23
8192                  433.20
16384                 971.82
32768                2219.42
65536                3745.63
131072               7855.73
262144              16557.70
524288              33479.68
1048576             67678.51
2097152            159763.90
Flag 0
Flag 1
Flag 2
Flag 3
Flag 4
Flag 5

# OSU MPI Allgather Latency Test v5.6.2
# Size       Avg Latency(us)
1                      97.38
2                      97.73
4                      96.87
8                      99.55
16                     97.62
32                     99.67
64                     90.49
128                   108.37
256                    96.08
512                   103.72
1024                  122.09
2048                  165.91
4096                  257.25
8192                  433.14
16384                1026.93
32768                2327.21
65536                3752.18
131072               7831.27
262144              16568.11
524288              33465.77
1048576             67653.50
2097152            159978.10
Flag 0
Flag 1
Flag 2
Flag 3
Flag 4
Flag 5

# OSU MPI Allgather Latency Test v5.6.2
# Size       Avg Latency(us)
1                     115.90
2                     116.44
4                     116.19
8                     118.43
16                    117.45
32                    118.45
64                    120.02
128                   106.71
256                   101.64
512                   110.00
1024                  121.40
2048                  161.33
4096                  258.77
8192                  444.45
16384                1028.70
32768                2235.76
65536                3760.48
131072               7860.39
262144              16605.63
524288              33457.41
1048576             67678.32
2097152            159433.35
Flag 0
Flag 1
Flag 2
Flag 3
Flag 4
Flag 5

# OSU MPI Allgather Latency Test v5.6.2
# Size       Avg Latency(us)
1                      69.74
2                      69.81
4                      70.24
8                      70.79
16                     70.55
32                     70.54
64                     69.95
128                    77.08
256                    88.82
512                   101.35
1024                  122.83
2048                  172.95
4096                  257.26
8192                  434.33
16384                 975.44
32768                2218.57
65536                3787.84
131072               7836.36
262144              16551.30
524288              33463.22
1048576             67688.07
2097152            159830.87
Flag 0
Flag 1
Flag 2
Flag 3
Flag 4
Flag 5

# OSU MPI Allgather Latency Test v5.6.2
# Size       Avg Latency(us)
1                      66.79
2                      65.44
4                      66.21
8                      66.30
16                     65.72
32                     66.52
64                     67.36
128                    75.69
256                    88.17
512                   101.14
1024                  120.63
2048                  177.89
4096                  256.97
8192                  430.67
16384                 970.82
32768                2233.18
65536                3772.94
131072               7839.89
262144              16543.51
524288              33476.32
1048576             67682.96
2097152            160301.42
Flag 0
Flag 1
Flag 2
Flag 3
Flag 4
Flag 5

# OSU MPI Allgather Latency Test v5.6.2
# Size       Avg Latency(us)
1                      69.89
2                      70.01
4                      71.05
8                      70.74
16                     71.69
32                     70.43
64                     69.78
128                    77.58
256                    89.11
512                   101.35
1024                  124.74
2048                  174.36
4096                  257.57
8192                  434.92
16384                 972.69
32768                2215.32
65536                3787.14
131072               7852.28
262144              16554.19
524288              33489.00
1048576             67613.29
2097152            159926.91
Flag 0
Flag 1
Flag 2
Flag 3
Flag 4
Flag 5

# OSU MPI Allgather Latency Test v5.6.2
# Size       Avg Latency(us)
1                      66.15
2                      65.75
4                      66.48
8                      66.80
16                     66.77
32                     66.74
64                     67.91
128                    76.12
256                    88.39
512                   101.06
1024                  120.62
2048                  174.25
4096                  256.84
8192                  431.95
16384                 977.62
32768                2227.77
65536                3769.02
131072               7869.17
262144              16576.17
524288              33436.33
1048576             67705.21
2097152            160392.72
Flag 0
Flag 1
Flag 2
Flag 3
Flag 4
Flag 5

# OSU MPI Allgather Latency Test v5.6.2
# Size       Avg Latency(us)
1                      71.16
2                      72.31
4                      71.09
8                      71.97
16                     70.91
32                     70.75
64                     70.46
128                    77.56
256                    89.24
512                   101.34
1024                  122.83
2048                  172.48
4096                  256.81
8192                  428.28
16384                 969.29
32768                2217.62
65536                3798.05
131072               7862.58
262144              16572.70
524288              33470.99
1048576             67714.36
2097152            159951.71
Flag 0
Flag 1
Flag 2
Flag 3
Flag 4
Flag 5

# OSU MPI Allgather Latency Test v5.6.2
# Size       Avg Latency(us)
1                      71.11
2                      70.19
4                      71.17
8                      70.14
16                     70.39
32                     70.90
64                     69.74
128                    77.53
256                    89.25
512                   101.29
1024                  122.45
2048                  172.79
4096                  258.04
8192                  431.63
16384                 975.26
32768                2216.35
65536                3793.31
131072               7864.87
262144              16565.37
524288              33494.38
1048576             67783.68
2097152            159985.04
Flag 0
Flag 1
Flag 2
Flag 3
Flag 4
Flag 5

# OSU MPI Allgather Latency Test v5.6.2
# Size       Avg Latency(us)
1                      75.75
2                      74.86
4                      76.14
8                      75.90
16                     75.44
32                     75.00
64                     72.01
128                    79.46
256                    89.49
512                   101.37
1024                  136.16
2048                  161.14
4096                  259.96
8192                  431.58
16384                 965.89
32768                2220.75
65536                3791.54
131072               7867.19
262144              16551.49
524288              33452.72
1048576             67693.81
2097152            160093.66
Flag 0
Flag 1
Flag 2
Flag 3
Flag 4
Flag 5

# OSU MPI Allgather Latency Test v5.6.2
# Size       Avg Latency(us)
1                      98.09
2                      97.58
4                      96.50
8                      97.77
16                     96.14
32                     97.45
64                     89.28
128                   109.20
256                    95.80
512                   103.15
1024                  121.14
2048                  163.64
4096                  257.48
8192                  433.19
16384                 984.02
32768                2301.29
65536                3757.19
131072               7833.93
262144              16575.17
524288              33456.55
1048576             67674.00
2097152            159861.85
Flag 0
Flag 1
Flag 2
Flag 3
Flag 4
Flag 5

# OSU MPI Allgather Latency Test v5.6.2
# Size       Avg Latency(us)
1                      69.71
2                      70.02
4                      71.19
8                      72.03
16                     70.94
32                     71.33
64                     70.21
128                    77.80
256                    89.08
512                   101.30
1024                  123.17
2048                  173.14
4096                  256.81
8192                  429.47
16384                 974.07
32768                2228.30
65536                3789.12
131072               7851.04
262144              16554.07
524288              33482.79
1048576             67660.45
2097152            160055.01
Flag 0
Flag 1
Flag 2
Flag 3
Flag 4
Flag 5

# OSU MPI Allgather Latency Test v5.6.2
# Size       Avg Latency(us)
1                      75.44
2                      74.95
4                      77.16
8                      75.90
16                     75.71
32                     74.73
64                     72.70
128                    80.03
256                    90.20
512                   101.51
1024                  136.49
2048                  160.97
4096                  259.62
8192                  429.75
16384                 965.47
32768                2216.47
65536                3793.73
131072               7851.01
262144              16565.32
524288              33523.95
1048576             67710.64
2097152            159931.09
Flag 0
Flag 1
Flag 2
Flag 3
Flag 4
Flag 5

# OSU MPI Allgather Latency Test v5.6.2
# Size       Avg Latency(us)
1                      70.37
2                      69.73
4                      69.91
8                      71.17
16                     70.73
32                     70.70
64                     69.72
128                    77.57
256                    89.12
512                   101.38
1024                  124.28
2048                  173.95
4096                  257.41
8192                  431.22
16384                 972.28
32768                2211.92
65536                3793.49
131072               7846.78
262144              16568.78
524288              33467.38
1048576             67707.53
2097152            160047.41
