Flag 0
Flag 1
Flag 2
Flag 3
Flag 4
Flag 5

# OSU MPI Allgather Latency Test v5.6.2
# Size       Avg Latency(us)
1                      48.21
2                      47.70
4                      47.80
8                      48.28
16                     49.63
32                     49.02
64                     49.97
128                    55.89
256                    64.08
512                    73.37
1024                   90.03
2048                  120.46
4096                  177.74
8192                  303.83
16384                 565.64
32768                1068.37
65536                2353.45
131072               4666.63
262144               9854.54
524288              20313.94
1048576             40970.26
2097152             82705.98
Flag 0
Flag 1
Flag 2
Flag 3
Flag 4
Flag 5

# OSU MPI Allgather Latency Test v5.6.2
# Size       Avg Latency(us)
1                      48.12
2                      47.70
4                      47.75
8                      48.21
16                     49.46
32                     49.12
64                     50.12
128                    56.14
256                    64.23
512                    73.27
1024                   90.12
2048                  120.34
4096                  177.48
8192                  302.55
16384                 568.53
32768                1069.59
65536                2345.55
131072               4661.83
262144               9866.06
524288              20317.16
1048576             40993.06
2097152             82748.81
Flag 0
Flag 1
Flag 2
Flag 3
Flag 4
Flag 5

# OSU MPI Allgather Latency Test v5.6.2
# Size       Avg Latency(us)
1                      48.03
2                      47.64
4                      47.62
8                      48.09
16                     49.73
32                     49.03
64                     49.84
128                    55.86
256                    64.15
512                    73.36
1024                   89.91
2048                  120.03
4096                  177.21
8192                  301.93
16384                 564.25
32768                1065.86
65536                2351.38
131072               4662.70
262144               9839.51
524288              20300.79
1048576             41034.94
2097152             82685.89
Flag 0
Flag 1
Flag 2
Flag 3
Flag 4
Flag 5

# OSU MPI Allgather Latency Test v5.6.2
# Size       Avg Latency(us)
1                      48.24
2                      47.76
4                      47.85
8                      48.23
16                     49.59
32                     49.21
64                     50.10
128                    56.09
256                    64.24
512                    73.29
1024                   90.12
2048                  120.21
4096                  177.12
8192                  302.45
16384                 567.19
32768                1067.51
65536                2355.29
131072               4658.59
262144               9836.88
524288              20306.58
1048576             41018.94
2097152             82688.66
Flag 0
Flag 1
Flag 2
Flag 3
Flag 4
Flag 5

# OSU MPI Allgather Latency Test v5.6.2
# Size       Avg Latency(us)
1                      48.24
2                      47.71
4                      47.69
8                      48.22
16                     49.41
32                     49.09
64                     49.95
128                    55.97
256                    64.11
512                    73.24
1024                   89.95
2048                  120.23
4096                  177.66
8192                  303.96
16384                 552.82
32768                1072.91
65536                2352.98
131072               4662.48
262144               9857.07
524288              20303.26
1048576             41011.35
2097152             82691.99
Flag 0
Flag 1
Flag 2
Flag 3
Flag 4
Flag 5

# OSU MPI Allgather Latency Test v5.6.2
# Size       Avg Latency(us)
1                      48.19
2                      47.72
4                      47.75
8                      48.18
16                     49.39
32                     49.03
64                     50.05
128                    56.13
256                    64.16
512                    73.37
1024                   90.10
2048                  120.45
4096                  177.74
8192                  303.63
16384                 567.93
32768                1069.45
65536                2357.14
131072               4667.63
262144               9841.70
524288              20292.54
1048576             41025.87
2097152             82722.84
Flag 0
Flag 1
Flag 2
Flag 3
Flag 4
Flag 5

# OSU MPI Allgather Latency Test v5.6.2
# Size       Avg Latency(us)
1                      48.17
2                      47.80
4                      47.86
8                      48.31
16                     49.47
32                     49.10
64                     50.06
128                    56.01
256                    64.14
512                    73.42
1024                   90.03
2048                  120.38
4096                  177.34
8192                  303.11
16384                 559.94
32768                1072.13
65536                2349.41
131072               4672.28
262144               9841.55
524288              20300.54
1048576             41018.20
2097152             82692.91
Flag 0
Flag 1
Flag 2
Flag 3
Flag 4
Flag 5

# OSU MPI Allgather Latency Test v5.6.2
# Size       Avg Latency(us)
1                      48.04
2                      47.75
4                      47.73
8                      48.20
16                     49.33
32                     49.07
64                     49.98
128                    55.93
256                    64.05
512                    73.24
1024                   89.90
2048                  120.20
4096                  177.32
8192                  302.26
16384                 561.82
32768                1066.46
65536                2354.45
131072               4668.78
262144               9827.65
524288              20291.45
1048576             40949.96
2097152             82751.70
Flag 0
Flag 1
Flag 2
Flag 3
Flag 4
Flag 5

# OSU MPI Allgather Latency Test v5.6.2
# Size       Avg Latency(us)
1                      48.15
2                      47.72
4                      47.87
8                      48.27
16                     49.62
32                     49.04
64                     50.18
128                    55.99
256                    64.25
512                    73.51
1024                   89.92
2048                  120.37
4096                  177.54
8192                  303.40
16384                 565.94
32768                1069.08
65536                2345.83
131072               4674.02
262144               9843.92
524288              20288.51
1048576             41004.10
2097152             82691.31
Flag 0
Flag 1
Flag 2
Flag 3
Flag 4
Flag 5

# OSU MPI Allgather Latency Test v5.6.2
# Size       Avg Latency(us)
1                      48.22
2                      47.77
4                      47.76
8                      48.31
16                     49.52
32                     49.19
64                     50.10
128                    56.11
256                    64.21
512                    73.42
1024                   90.19
2048                  120.39
4096                  177.50
8192                  302.86
16384                 559.88
32768                1075.57
65536                2360.96
131072               4675.36
262144               9851.79
524288              20321.60
1048576             40965.09
2097152             82719.90
Flag 0
Flag 1
Flag 2
Flag 3
Flag 4
Flag 5

# OSU MPI Allgather Latency Test v5.6.2
# Size       Avg Latency(us)
1                      48.00
2                      47.64
4                      47.94
8                      48.17
16                     49.31
32                     48.93
64                     49.87
128                    55.80
256                    64.01
512                    73.34
1024                   89.99
2048                  120.18
4096                  177.28
8192                  302.30
16384                 561.73
32768                1072.89
65536                2349.60
131072               4673.51
262144               9867.91
524288              20300.41
1048576             40958.72
2097152             82662.06
Flag 0
Flag 1
Flag 2
Flag 3
Flag 4
Flag 5

# OSU MPI Allgather Latency Test v5.6.2
# Size       Avg Latency(us)
1                      48.09
2                      47.71
4                      47.66
8                      48.25
16                     49.46
32                     49.08
64                     50.08
128                    55.98
256                    64.11
512                    73.42
1024                   89.98
2048                  120.34
4096                  177.29
8192                  302.86
16384                 563.81
32768                1067.77
65536                2349.50
131072               4670.26
262144               9864.04
524288              20273.25
1048576             40932.11
2097152             82742.53
Flag 0
Flag 1
Flag 2
Flag 3
Flag 4
Flag 5

# OSU MPI Allgather Latency Test v5.6.2
# Size       Avg Latency(us)
1                      48.25
2                      47.81
4                      47.84
8                      48.36
16                     49.56
32                     49.07
64                     49.94
128                    55.85
256                    64.00
512                    73.34
1024                   89.92
2048                  120.11
4096                  177.31
8192                  302.76
16384                 560.56
32768                1070.66
65536                2355.10
131072               4666.35
262144               9823.42
524288              20277.02
1048576             40982.63
2097152             82694.55
Flag 0
Flag 1
Flag 2
Flag 3
Flag 4
Flag 5

# OSU MPI Allgather Latency Test v5.6.2
# Size       Avg Latency(us)
1                      48.37
2                      47.75
4                      47.79
8                      48.29
16                     49.37
32                     48.99
64                     49.98
128                    55.97
256                    64.16
512                    73.50
1024                   89.99
2048                  120.28
4096                  177.84
8192                  303.95
16384                 570.88
32768                1068.75
65536                2344.83
131072               4668.98
262144               9832.61
524288              20298.40
1048576             41021.83
2097152             82696.89
Flag 0
Flag 1
Flag 2
Flag 3
Flag 4
Flag 5

# OSU MPI Allgather Latency Test v5.6.2
# Size       Avg Latency(us)
1                      48.13
2                      47.73
4                      47.80
8                      48.29
16                     49.54
32                     49.12
64                     49.93
128                    55.98
256                    64.22
512                    73.45
1024                   90.00
2048                  120.34
4096                  177.37
8192                  302.82
16384                 567.75
32768                1068.18
65536                2361.18
131072               4670.32
262144               9830.61
524288              20303.58
1048576             40991.17
2097152             83081.99
