Flag 0
Flag 1
Flag 2
Flag 3
Flag 4
Flag 5

# OSU MPI Allgather Latency Test v5.6.2
# Size       Avg Latency(us)
1                      48.03
2                      47.63
4                      47.67
8                      48.27
16                     49.40
32                     48.89
64                     49.63
128                    55.41
256                    63.51
512                    73.55
1024                   89.79
2048                  120.18
4096                  177.00
8192                  302.83
16384                 563.05
32768                1065.40
65536                2359.14
131072               4654.72
262144               9812.64
524288              20280.98
1048576             41000.78
2097152             82766.85
Flag 0
Flag 1
Flag 2
Flag 3
Flag 4
Flag 5

# OSU MPI Allgather Latency Test v5.6.2
# Size       Avg Latency(us)
1                      47.98
2                      47.52
4                      47.70
8                      48.23
16                     49.39
32                     48.89
64                     49.74
128                    55.54
256                    63.55
512                    73.61
1024                   89.91
2048                  120.21
4096                  177.26
8192                  302.37
16384                 557.06
32768                1068.32
65536                2349.60
131072               4651.89
262144               9819.19
524288              20268.23
1048576             40994.68
2097152             82710.57
Flag 0
Flag 1
Flag 2
Flag 3
Flag 4
Flag 5

# OSU MPI Allgather Latency Test v5.6.2
# Size       Avg Latency(us)
1                      47.97
2                      47.59
4                      47.65
8                      48.28
16                     49.34
32                     48.73
64                     49.71
128                    55.66
256                    63.62
512                    73.81
1024                   89.88
2048                  120.26
4096                  177.19
8192                  302.49
16384                 565.82
32768                1074.13
65536                2348.13
131072               4651.98
262144               9833.82
524288              20260.55
1048576             41006.38
2097152             82609.04
Flag 0
Flag 1
Flag 2
Flag 3
Flag 4
Flag 5

# OSU MPI Allgather Latency Test v5.6.2
# Size       Avg Latency(us)
1                      47.94
2                      47.57
4                      47.73
8                      48.24
16                     49.40
32                     48.87
64                     49.70
128                    55.50
256                    63.53
512                    73.65
1024                   89.83
2048                  120.24
4096                  177.00
8192                  302.85
16384                 564.51
32768                1066.76
65536                2354.59
131072               4645.80
262144               9813.62
524288              20279.93
1048576             41032.76
2097152             82728.58
Flag 0
Flag 1
Flag 2
Flag 3
Flag 4
Flag 5

# OSU MPI Allgather Latency Test v5.6.2
# Size       Avg Latency(us)
1                      47.91
2                      47.48
4                      47.62
8                      48.16
16                     49.29
32                     48.76
64                     49.56
128                    55.50
256                    63.55
512                    73.68
1024                   89.91
2048                  120.08
4096                  177.16
8192                  302.82
16384                 564.68
32768                1067.39
65536                2349.26
131072               4654.30
262144               9835.60
524288              20266.31
1048576             40996.92
2097152             82753.78
Flag 0
Flag 1
Flag 2
Flag 3
Flag 4
Flag 5

# OSU MPI Allgather Latency Test v5.6.2
# Size       Avg Latency(us)
1                      47.88
2                      47.51
4                      47.63
8                      48.14
16                     49.43
32                     48.80
64                     49.72
128                    55.45
256                    63.50
512                    73.62
1024                   89.82
2048                  120.19
4096                  177.07
8192                  302.96
16384                 561.84
32768                1068.34
65536                2357.98
131072               4639.46
262144               9815.55
524288              20245.47
1048576             40991.13
2097152             82716.89
Flag 0
Flag 1
Flag 2
Flag 3
Flag 4
Flag 5

# OSU MPI Allgather Latency Test v5.6.2
# Size       Avg Latency(us)
1                      47.88
2                      48.12
4                      47.55
8                      48.11
16                     49.22
32                     48.59
64                     49.51
128                    55.45
256                    63.47
512                    73.47
1024                   89.77
2048                  120.10
4096                  176.89
8192                  302.02
16384                 558.61
32768                1066.99
65536                2350.55
131072               4647.66
262144               9836.13
524288              20237.48
1048576             41001.91
2097152             82683.73
Flag 0
Flag 1
Flag 2
Flag 3
Flag 4
Flag 5

# OSU MPI Allgather Latency Test v5.6.2
# Size       Avg Latency(us)
1                      47.99
2                      47.73
4                      47.71
8                      48.34
16                     49.50
32                     48.80
64                     49.85
128                    55.58
256                    63.60
512                    74.34
1024                   89.88
2048                  120.33
4096                  176.89
8192                  302.53
16384                 560.75
32768                1068.38
65536                2347.59
131072               4647.55
262144               9792.87
524288              20233.35
1048576             40964.86
2097152             82633.30
Flag 0
Flag 1
Flag 2
Flag 3
Flag 4
Flag 5

# OSU MPI Allgather Latency Test v5.6.2
# Size       Avg Latency(us)
1                      47.98
2                      47.56
4                      47.76
8                      48.16
16                     49.25
32                     48.85
64                     49.77
128                    55.56
256                    63.55
512                    73.72
1024                   89.91
2048                  120.44
4096                  177.34
8192                  303.39
16384                 556.76
32768                1066.09
65536                2349.97
131072               4652.79
262144               9800.85
524288              20264.24
1048576             41003.88
2097152             82731.27
Flag 0
Flag 1
Flag 2
Flag 3
Flag 4
Flag 5

# OSU MPI Allgather Latency Test v5.6.2
# Size       Avg Latency(us)
1                      47.93
2                      47.57
4                      47.62
8                      48.23
16                     49.25
32                     48.69
64                     49.76
128                    55.39
256                    63.66
512                    73.65
1024                   89.77
2048                  120.28
4096                  176.91
8192                  301.23
16384                 556.97
32768                1065.88
65536                2357.07
131072               4658.94
262144               9819.43
524288              20261.33
1048576             41013.13
2097152             82620.04
Flag 0
Flag 1
Flag 2
Flag 3
Flag 4
Flag 5

# OSU MPI Allgather Latency Test v5.6.2
# Size       Avg Latency(us)
1                      48.18
2                      47.92
4                      47.61
8                      48.16
16                     49.31
32                     48.76
64                     49.64
128                    55.51
256                    63.65
512                    73.63
1024                   89.92
2048                  120.18
4096                  177.18
8192                  303.03
16384                 566.14
32768                1066.36
65536                2360.80
131072               4650.35
262144               9808.93
524288              20285.61
1048576             40992.51
2097152             82762.80
Flag 0
Flag 1
Flag 2
Flag 3
Flag 4
Flag 5

# OSU MPI Allgather Latency Test v5.6.2
# Size       Avg Latency(us)
1                      47.96
2                      47.50
4                      47.67
8                      48.21
16                     49.51
32                     48.75
64                     49.71
128                    55.58
256                    63.65
512                    73.69
1024                   89.94
2048                  120.30
4096                  177.04
8192                  302.64
16384                 563.66
32768                1068.92
65536                2350.16
131072               4641.44
262144               9815.08
524288              20249.17
1048576             41010.73
2097152             82752.04
Flag 0
Flag 1
Flag 2
Flag 3
Flag 4
Flag 5

# OSU MPI Allgather Latency Test v5.6.2
# Size       Avg Latency(us)
1                      47.99
2                      47.58
4                      47.82
8                      48.30
16                     49.55
32                     48.72
64                     49.72
128                    55.53
256                    63.70
512                    73.68
1024                   89.87
2048                  120.41
4096                  177.26
8192                  302.79
16384                 565.76
32768                1068.85
65536                2352.59
131072               4652.19
262144               9831.72
524288              20251.38
1048576             41035.82
2097152             82726.87
Flag 0
Flag 1
Flag 2
Flag 3
Flag 4
Flag 5

# OSU MPI Allgather Latency Test v5.6.2
# Size       Avg Latency(us)
1                      48.00
2                      47.54
4                      47.54
8                      48.14
16                     49.34
32                     48.81
64                     49.75
128                    55.85
256                    63.91
512                    73.78
1024                   90.24
2048                  120.16
4096                  177.06
8192                  302.90
16384                 558.18
32768                1064.57
65536                2354.43
131072               4644.65
262144               9825.17
524288              20245.85
1048576             40996.36
2097152             82767.19
Flag 0
Flag 1
Flag 2
Flag 3
Flag 4
Flag 5

# OSU MPI Allgather Latency Test v5.6.2
# Size       Avg Latency(us)
1                      47.90
2                      47.77
4                      47.69
8                      48.22
16                     49.43
32                     48.72
64                     49.80
128                    55.46
256                    63.59
512                    73.65
1024                   89.89
2048                  120.48
4096                  177.34
8192                  303.15
16384                 561.65
32768                1070.18
65536                2352.01
131072               4642.77
262144               9809.30
524288              20289.75
1048576             40978.15
2097152             82729.16
