Flag 0
Flag 1
Flag 2
Flag 3
Flag 4
Flag 5

# OSU MPI Allgather Latency Test v5.6.2
# Size       Avg Latency(us)
1                      73.70
2                      74.11
4                      75.18
8                      73.98
16                     74.40
32                     73.76
64                     73.63
128                    70.41
256                    85.16
512                    95.96
1024                  117.20
2048                  152.95
4096                  245.81
8192                  408.53
16384                 889.70
32768                2103.88
65536                3449.27
131072               7284.63
262144              15528.88
524288              31444.91
1048576             63490.71
2097152            149868.81
Flag 0
Flag 1
Flag 2
Flag 3
Flag 4
Flag 5

# OSU MPI Allgather Latency Test v5.6.2
# Size       Avg Latency(us)
1                      99.38
2                      99.30
4                      99.37
8                      99.98
16                    101.68
32                     99.72
64                     98.96
128                   100.96
256                    94.30
512                    98.79
1024                  115.50
2048                  154.90
4096                  246.05
8192                  410.46
16384                 895.83
32768                2183.73
65536                3418.55
131072               7291.12
262144              15571.04
524288              31452.21
1048576             63568.21
2097152            149654.76
Flag 0
Flag 1
Flag 2
Flag 3
Flag 4
Flag 5

# OSU MPI Allgather Latency Test v5.6.2
# Size       Avg Latency(us)
1                     100.23
2                     101.93
4                     103.65
8                     102.14
16                    101.43
32                     99.57
64                    103.31
128                   102.02
256                    93.34
512                    97.96
1024                  116.31
2048                  153.75
4096                  245.31
8192                  412.15
16384                 891.90
32768                2214.25
65536                3421.05
131072               7289.57
262144              15544.29
524288              31458.14
1048576             63598.75
2097152            149335.81
Flag 0
Flag 1
Flag 2
Flag 3
Flag 4
Flag 5

# OSU MPI Allgather Latency Test v5.6.2
# Size       Avg Latency(us)
1                      68.48
2                      67.36
4                      68.54
8                      68.63
16                     68.39
32                     67.50
64                     68.03
128                    68.53
256                    84.26
512                    96.13
1024                  114.60
2048                  162.20
4096                  245.33
8192                  410.79
16384                 887.18
32768                2131.46
65536                3430.69
131072               7328.49
262144              15566.24
524288              31458.08
1048576             63612.91
2097152            150393.20
Flag 0
Flag 1
Flag 2
Flag 3
Flag 4
Flag 5

# OSU MPI Allgather Latency Test v5.6.2
# Size       Avg Latency(us)
1                      62.04
2                      61.70
4                      62.13
8                      62.43
16                     62.54
32                     63.07
64                     63.52
128                    66.75
256                    83.65
512                    95.57
1024                  114.43
2048                  167.94
4096                  244.86
8192                  411.45
16384                 877.48
32768                2121.08
65536                3425.60
131072               7327.90
262144              15561.84
524288              31458.07
1048576             63635.46
2097152            150392.36
Flag 0
Flag 1
Flag 2
Flag 3
Flag 4
Flag 5

# OSU MPI Allgather Latency Test v5.6.2
# Size       Avg Latency(us)
1                      69.58
2                      68.66
4                      69.02
8                      68.96
16                     68.47
32                     69.17
64                     69.35
128                    69.04
256                    84.48
512                    95.66
1024                  117.65
2048                  166.49
4096                  244.74
8192                  410.51
16384                 880.03
32768                2119.99
65536                3422.49
131072               7312.28
262144              15546.62
524288              31450.05
1048576             63639.90
2097152            150309.55
Flag 0
Flag 1
Flag 2
Flag 3
Flag 4
Flag 5

# OSU MPI Allgather Latency Test v5.6.2
# Size       Avg Latency(us)
1                      68.14
2                      69.01
4                      69.52
8                      68.64
16                     68.58
32                     67.69
64                     68.16
128                    68.93
256                    84.30
512                    95.82
1024                  117.20
2048                  165.42
4096                  244.94
8192                  410.68
16384                 874.31
32768                2113.97
65536                3419.79
131072               7314.92
262144              15572.15
524288              31463.41
1048576             63627.02
2097152            150344.60
Flag 0
Flag 1
Flag 2
Flag 3
Flag 4
Flag 5

# OSU MPI Allgather Latency Test v5.6.2
# Size       Avg Latency(us)
1                      73.75
2                      74.93
4                      74.44
8                      74.48
16                     73.15
32                     74.77
64                     73.24
128                    70.81
256                    84.95
512                    95.99
1024                  133.42
2048                  152.88
4096                  245.32
8192                  409.26
16384                 892.97
32768                2108.65
65536                3451.04
131072               7280.94
262144              15562.87
524288              31456.45
1048576             63592.45
2097152            150084.94
Flag 0
Flag 1
Flag 2
Flag 3
Flag 4
Flag 5

# OSU MPI Allgather Latency Test v5.6.2
# Size       Avg Latency(us)
1                      61.87
2                      61.64
4                      61.91
8                      62.47
16                     62.62
32                     62.95
64                     63.59
128                    66.74
256                    83.82
512                    95.59
1024                  114.35
2048                  166.42
4096                  245.11
8192                  410.79
16384                 879.35
32768                2122.66
65536                3412.14
131072               7319.74
262144              15561.53
524288              31462.91
1048576             63681.47
2097152            150217.35
Flag 0
Flag 1
Flag 2
Flag 3
Flag 4
Flag 5

# OSU MPI Allgather Latency Test v5.6.2
# Size       Avg Latency(us)
1                      62.25
2                      62.44
4                      62.13
8                      62.48
16                     62.70
32                     62.65
64                     63.57
128                    66.75
256                    83.60
512                    95.54
1024                  114.38
2048                  168.00
4096                  244.95
8192                  411.12
16384                 882.39
32768                2121.41
65536                3418.63
131072               7315.60
262144              15558.78
524288              31464.98
1048576             63605.77
2097152            150106.16
Flag 0
Flag 1
Flag 2
Flag 3
Flag 4
Flag 5

# OSU MPI Allgather Latency Test v5.6.2
# Size       Avg Latency(us)
1                      70.37
2                      69.05
4                      69.55
8                      70.72
16                     70.80
32                     70.46
64                     68.65
128                    69.25
256                    85.32
512                    95.69
1024                  118.36
2048                  165.73
4096                  245.59
8192                  410.30
16384                 893.01
32768                2107.33
65536                3436.12
131072               7286.68
262144              15579.34
524288              31469.59
1048576             63614.73
2097152            149904.51
Flag 0
Flag 1
Flag 2
Flag 3
Flag 4
Flag 5

# OSU MPI Allgather Latency Test v5.6.2
# Size       Avg Latency(us)
1                      68.70
2                      69.16
4                      69.69
8                      68.94
16                     68.77
32                     68.39
64                     68.35
128                    68.74
256                    84.33
512                    95.80
1024                  119.17
2048                  163.85
4096                  245.20
8192                  411.63
16384                 884.48
32768                2122.24
65536                3426.78
131072               7299.37
262144              15545.30
524288              31451.75
1048576             63619.35
2097152            150237.11
Flag 0
Flag 1
Flag 2
Flag 3
Flag 4
Flag 5

# OSU MPI Allgather Latency Test v5.6.2
# Size       Avg Latency(us)
1                      69.51
2                      69.78
4                      69.50
8                      68.99
16                     68.70
32                     69.42
64                     69.51
128                    68.69
256                    84.44
512                    95.95
1024                  118.07
2048                  166.69
4096                  245.04
8192                  411.23
16384                 883.92
32768                2112.09
65536                3424.02
131072               7312.12
262144              15537.78
524288              31457.98
1048576             63612.78
2097152            150346.63
Flag 0
Flag 1
Flag 2
Flag 3
Flag 4
Flag 5

# OSU MPI Allgather Latency Test v5.6.2
# Size       Avg Latency(us)
1                     145.92
2                     146.63
4                     147.05
8                     147.08
16                    163.68
32                    147.92
64                    150.21
128                   143.31
256                   141.81
512                   118.22
1024                  119.57
2048                  163.05
4096                  258.05
8192                  412.36
16384                 882.20
32768                2131.49
65536                3423.86
131072               7305.12
262144              15581.21
524288              31432.55
1048576             63560.16
2097152            149542.81
Flag 0
Flag 1
Flag 2
Flag 3
Flag 4
Flag 5

# OSU MPI Allgather Latency Test v5.6.2
# Size       Avg Latency(us)
1                     169.46
2                     169.48
4                     170.41
8                     181.95
16                    169.83
32                    174.78
64                    172.80
128                   183.34
256                   201.63
512                   155.37
1024                  126.91
2048                  157.06
4096                  247.63
8192                  411.04
16384                 884.65
32768                2187.72
65536                3422.03
131072               7288.65
262144              15548.13
524288              31430.13
1048576             63666.70
2097152            149269.59
