Flag 0
Flag 1
Flag 2
Flag 3
Flag 4
Flag 5

# OSU MPI Allgather Latency Test v5.6.2
# Size       Avg Latency(us)
1                      44.45
2                      44.23
4                      44.18
8                      44.83
16                     46.33
32                     45.93
64                     46.60
128                    48.63
256                    60.23
512                    68.83
1024                   84.86
2048                  113.35
4096                  167.28
8192                  285.32
16384                 525.74
32768                1002.07
65536                2166.11
131072               4300.01
262144               9126.92
524288              18893.34
1048576             38211.28
2097152             76970.30
Flag 0
Flag 1
Flag 2
Flag 3
Flag 4
Flag 5

# OSU MPI Allgather Latency Test v5.6.2
# Size       Avg Latency(us)
1                      44.42
2                      44.14
4                      44.10
8                      44.72
16                     46.30
32                     45.87
64                     46.43
128                    48.55
256                    60.08
512                    68.77
1024                   84.53
2048                  113.15
4096                  166.81
8192                  284.81
16384                 526.33
32768                 987.64
65536                2161.87
131072               4303.01
262144               9141.10
524288              18903.08
1048576             38166.87
2097152             76962.55
Flag 0
Flag 1
Flag 2
Flag 3
Flag 4
Flag 5

# OSU MPI Allgather Latency Test v5.6.2
# Size       Avg Latency(us)
1                      44.72
2                      44.39
4                      44.30
8                      45.53
16                     46.42
32                     45.99
64                     46.52
128                    48.70
256                    60.32
512                    68.75
1024                   84.93
2048                  113.32
4096                  167.39
8192                  284.85
16384                 522.37
32768                 985.30
65536                2162.41
131072               4311.54
262144               9123.02
524288              18928.97
1048576             38181.61
2097152             76964.32
Flag 0
Flag 1
Flag 2
Flag 3
Flag 4
Flag 5

# OSU MPI Allgather Latency Test v5.6.2
# Size       Avg Latency(us)
1                      44.75
2                      44.01
4                      44.07
8                      44.67
16                     46.22
32                     45.93
64                     46.46
128                    48.46
256                    60.22
512                    68.79
1024                   84.78
2048                  113.24
4096                  167.08
8192                  284.31
16384                 532.47
32768                 984.99
65536                2169.01
131072               4305.51
262144               9131.29
524288              18904.17
1048576             38193.21
2097152             76975.59
Flag 0
Flag 1
Flag 2
Flag 3
Flag 4
Flag 5

# OSU MPI Allgather Latency Test v5.6.2
# Size       Avg Latency(us)
1                      44.59
2                      44.26
4                      44.11
8                      44.74
16                     46.22
32                     45.92
64                     46.48
128                    48.47
256                    60.11
512                    68.70
1024                   84.66
2048                  113.13
4096                  166.81
8192                  284.15
16384                 533.45
32768                 992.92
65536                2163.66
131072               4307.26
262144               9140.42
524288              18887.17
1048576             38152.01
2097152             76997.88
Flag 0
Flag 1
Flag 2
Flag 3
Flag 4
Flag 5

# OSU MPI Allgather Latency Test v5.6.2
# Size       Avg Latency(us)
1                      44.61
2                      44.09
4                      44.19
8                      44.59
16                     45.96
32                     45.77
64                     46.32
128                    48.49
256                    59.99
512                    68.59
1024                   84.53
2048                  113.14
4096                  166.76
8192                  283.50
16384                 528.32
32768                 985.16
65536                2161.04
131072               4310.06
262144               9146.82
524288              18926.84
1048576             38202.81
2097152             76983.07
Flag 0
Flag 1
Flag 2
Flag 3
Flag 4
Flag 5

# OSU MPI Allgather Latency Test v5.6.2
# Size       Avg Latency(us)
1                      44.74
2                      44.24
4                      44.27
8                      44.79
16                     46.31
32                     46.23
64                     46.60
128                    48.72
256                    60.24
512                    68.80
1024                   84.74
2048                  113.29
4096                  167.35
8192                  285.36
16384                 529.26
32768                 988.97
65536                2159.97
131072               4294.64
262144               9128.55
524288              18891.70
1048576             38205.60
2097152             76983.78
Flag 0
Flag 1
Flag 2
Flag 3
Flag 4
Flag 5

# OSU MPI Allgather Latency Test v5.6.2
# Size       Avg Latency(us)
1                      44.60
2                      44.19
4                      44.15
8                      44.65
16                     46.02
32                     45.70
64                     46.33
128                    48.56
256                    60.10
512                    68.69
1024                   84.82
2048                  113.33
4096                  167.43
8192                  285.73
16384                 527.27
32768                 995.14
65536                2158.11
131072               4294.72
262144               9132.47
524288              18913.08
1048576             38228.27
2097152             76944.36
Flag 0
Flag 1
Flag 2
Flag 3
Flag 4
Flag 5

# OSU MPI Allgather Latency Test v5.6.2
# Size       Avg Latency(us)
1                      44.63
2                      44.26
4                      44.21
8                      44.80
16                     46.32
32                     45.82
64                     46.53
128                    48.49
256                    60.14
512                    68.78
1024                   84.57
2048                  113.14
4096                  166.86
8192                  283.63
16384                 526.78
32768                 984.18
65536                2155.24
131072               4311.02
262144               9138.97
524288              18909.55
1048576             38156.44
2097152             77023.33
Flag 0
Flag 1
Flag 2
Flag 3
Flag 4
Flag 5

# OSU MPI Allgather Latency Test v5.6.2
# Size       Avg Latency(us)
1                      44.54
2                      44.10
4                      43.99
8                      44.65
16                     46.05
32                     45.86
64                     46.33
128                    48.22
256                    59.99
512                    68.81
1024                   84.76
2048                  113.40
4096                  167.32
8192                  285.49
16384                 528.57
32768                 985.79
65536                2157.30
131072               4291.00
262144               9143.21
524288              18889.07
1048576             38149.98
2097152             77010.14
Flag 0
Flag 1
Flag 2
Flag 3
Flag 4
Flag 5

# OSU MPI Allgather Latency Test v5.6.2
# Size       Avg Latency(us)
1                      44.67
2                      44.26
4                      44.13
8                      44.76
16                     46.30
32                     45.86
64                     46.47
128                    48.55
256                    60.22
512                    68.64
1024                   84.81
2048                  113.04
4096                  167.00
8192                  283.87
16384                 531.00
32768                 995.27
65536                2161.32
131072               4290.33
262144               9116.34
524288              18865.83
1048576             38155.46
2097152             77052.44
Flag 0
Flag 1
Flag 2
Flag 3
Flag 4
Flag 5

# OSU MPI Allgather Latency Test v5.6.2
# Size       Avg Latency(us)
1                      44.58
2                      44.25
4                      44.23
8                      44.75
16                     46.31
32                     45.86
64                     46.37
128                    48.51
256                    60.22
512                    68.79
1024                   84.77
2048                  113.29
4096                  167.16
8192                  284.53
16384                 532.36
32768                 986.98
65536                2157.62
131072               4308.09
262144               9132.13
524288              18901.38
1048576             38206.27
2097152             76966.44
Flag 0
Flag 1
Flag 2
Flag 3
Flag 4
Flag 5

# OSU MPI Allgather Latency Test v5.6.2
# Size       Avg Latency(us)
1                      44.77
2                      44.52
4                      44.14
8                      44.80
16                     46.33
32                     45.88
64                     46.48
128                    48.63
256                    60.05
512                    68.60
1024                   84.61
2048                  113.05
4096                  166.74
8192                  284.00
16384                 531.32
32768                 988.73
65536                2162.16
131072               4310.45
262144               9152.10
524288              18897.95
1048576             38180.24
2097152             76994.86
Flag 0
Flag 1
Flag 2
Flag 3
Flag 4
Flag 5

# OSU MPI Allgather Latency Test v5.6.2
# Size       Avg Latency(us)
1                      44.71
2                      44.16
4                      44.16
8                      45.01
16                     46.30
32                     45.93
64                     46.55
128                    48.24
256                    60.14
512                    68.77
1024                   84.56
2048                  113.06
4096                  166.76
8192                  283.28
16384                 527.64
32768                 987.20
65536                2155.07
131072               4308.71
262144               9124.59
524288              18908.72
1048576             38208.15
2097152             77041.06
Flag 0
Flag 1
Flag 2
Flag 3
Flag 4
Flag 5

# OSU MPI Allgather Latency Test v5.6.2
# Size       Avg Latency(us)
1                      44.57
2                      44.23
4                      44.14
8                      44.69
16                     46.67
32                     45.88
64                     46.31
128                    48.41
256                    60.02
512                    68.56
1024                   84.62
2048                  112.97
4096                  167.11
8192                  284.38
16384                 529.57
32768                 985.45
65536                2171.08
131072               4295.75
262144               9136.32
524288              18889.40
1048576             38185.57
2097152             77005.12
