Flag 0
Flag 1
Flag 2
Flag 3
Flag 4
Flag 5

# OSU MPI Allgather Latency Test v5.6.2
# Size       Avg Latency(us)
1                      80.79
2                      79.65
4                      79.04
8                      78.72
16                     79.12
32                     77.51
64                     78.11
128                    73.55
256                    85.27
512                    98.56
1024                  128.96
2048                  153.84
4096                  248.58
8192                  412.51
16384                 884.92
32768                2049.30
65536                3459.70
131072               7227.74
262144              15571.39
524288              31387.20
1048576             63517.80
2097152            131065.41
Flag 0
Flag 1
Flag 2
Flag 3
Flag 4
Flag 5

# OSU MPI Allgather Latency Test v5.6.2
# Size       Avg Latency(us)
1                     100.90
2                      99.74
4                      99.68
8                     100.38
16                     98.02
32                    100.14
64                    101.10
128                   103.47
256                    92.95
512                    99.12
1024                  115.45
2048                  156.27
4096                  246.08
8192                  411.37
16384                 892.09
32768                2191.70
65536                3421.32
131072               7221.58
262144              15606.96
524288              31448.10
1048576             63546.13
2097152            131308.32
Flag 0
Flag 1
Flag 2
Flag 3
Flag 4
Flag 5

# OSU MPI Allgather Latency Test v5.6.2
# Size       Avg Latency(us)
1                      74.52
2                      73.81
4                      74.19
8                      74.71
16                     74.84
32                     74.53
64                     73.42
128                    71.19
256                    84.79
512                    95.64
1024                  128.10
2048                  153.23
4096                  246.08
8192                  409.75
16384                 895.52
32768                2045.33
65536                3451.76
131072               7226.87
262144              15594.61
524288              31474.42
1048576             63553.89
2097152            130594.86
Flag 0
Flag 1
Flag 2
Flag 3
Flag 4
Flag 5

# OSU MPI Allgather Latency Test v5.6.2
# Size       Avg Latency(us)
1                      70.02
2                      70.30
4                      70.84
8                      69.91
16                     71.13
32                     69.87
64                     70.40
128                    70.34
256                    84.50
512                    95.58
1024                  118.35
2048                  167.65
4096                  246.18
8192                  414.38
16384                 896.24
32768                2051.68
65536                3429.91
131072               7234.77
262144              15622.59
524288              31442.77
1048576             63571.15
2097152            130698.98
Flag 0
Flag 1
Flag 2
Flag 3
Flag 4
Flag 5

# OSU MPI Allgather Latency Test v5.6.2
# Size       Avg Latency(us)
1                      63.68
2                      62.22
4                      62.41
8                      63.04
16                     62.94
32                     63.55
64                     63.99
128                    67.49
256                    83.12
512                    95.12
1024                  114.70
2048                  168.00
4096                  245.38
8192                  411.95
16384                 881.80
32768                2080.90
65536                3413.82
131072               7291.15
262144              15614.52
524288              31498.85
1048576             63550.14
2097152            130518.70
Flag 0
Flag 1
Flag 2
Flag 3
Flag 4
Flag 5

# OSU MPI Allgather Latency Test v5.6.2
# Size       Avg Latency(us)
1                      67.94
2                      68.17
4                      68.58
8                      67.74
16                     69.18
32                     68.24
64                     68.49
128                    69.33
256                    84.01
512                    95.50
1024                  115.04
2048                  165.18
4096                  245.58
8192                  411.24
16384                 885.41
32768                2077.43
65536                3427.85
131072               7259.66
262144              15589.80
524288              31469.43
1048576             63592.63
2097152            130526.99
Flag 0
Flag 1
Flag 2
Flag 3
Flag 4
Flag 5

# OSU MPI Allgather Latency Test v5.6.2
# Size       Avg Latency(us)
1                      63.15
2                      62.40
4                      62.74
8                      62.97
16                     64.24
32                     63.88
64                     64.06
128                    67.90
256                    83.40
512                    95.48
1024                  114.91
2048                  168.46
4096                  246.11
8192                  412.65
16384                 881.59
32768                2066.97
65536                3403.04
131072               7246.30
262144              15582.58
524288              31448.81
1048576             63579.79
2097152            130310.19
Flag 0
Flag 1
Flag 2
Flag 3
Flag 4
Flag 5

# OSU MPI Allgather Latency Test v5.6.2
# Size       Avg Latency(us)
1                      81.13
2                      80.97
4                      78.73
8                      79.80
16                     79.79
32                     78.34
64                     76.55
128                    73.87
256                    85.21
512                    98.22
1024                  130.40
2048                  154.17
4096                  248.94
8192                  410.66
16384                 883.15
32768                2058.82
65536                3473.76
131072               7237.25
262144              15627.48
524288              31442.85
1048576             63511.12
2097152            131055.93
Flag 0
Flag 1
Flag 2
Flag 3
Flag 4
Flag 5

# OSU MPI Allgather Latency Test v5.6.2
# Size       Avg Latency(us)
1                      62.50
2                      62.62
4                      62.57
8                      63.08
16                     62.99
32                     63.76
64                     65.18
128                    67.85
256                    83.28
512                    95.34
1024                  114.64
2048                  166.81
4096                  245.49
8192                  413.10
16384                 876.82
32768                2073.92
65536                3415.20
131072               7270.61
262144              15576.68
524288              31481.00
1048576             63534.53
2097152            130485.76
Flag 0
Flag 1
Flag 2
Flag 3
Flag 4
Flag 5

# OSU MPI Allgather Latency Test v5.6.2
# Size       Avg Latency(us)
1                      62.74
2                      62.60
4                      62.36
8                      63.37
16                     63.16
32                     63.78
64                     64.19
128                    67.75
256                    83.37
512                    95.44
1024                  114.76
2048                  168.62
4096                  245.49
8192                  411.66
16384                 883.54
32768                2067.85
65536                3407.13
131072               7274.97
262144              15617.68
524288              31467.79
1048576             63536.90
2097152            130290.08
Flag 0
Flag 1
Flag 2
Flag 3
Flag 4
Flag 5

# OSU MPI Allgather Latency Test v5.6.2
# Size       Avg Latency(us)
1                      70.18
2                      69.44
4                      70.34
8                      70.01
16                     70.03
32                     69.86
64                     69.87
128                    70.60
256                    84.29
512                    95.63
1024                  117.06
2048                  168.16
4096                  246.30
8192                  409.88
16384                 891.26
32768                2047.36
65536                3435.69
131072               7227.77
262144              15590.38
524288              31451.82
1048576             63490.81
2097152            130407.57
Flag 0
Flag 1
Flag 2
Flag 3
Flag 4
Flag 5

# OSU MPI Allgather Latency Test v5.6.2
# Size       Avg Latency(us)
1                      63.65
2                      62.60
4                      62.53
8                      63.27
16                     63.35
32                     63.78
64                     64.10
128                    67.63
256                    83.31
512                    95.35
1024                  114.83
2048                  166.46
4096                  245.44
8192                  411.88
16384                 881.72
32768                2087.53
65536                3407.85
131072               7262.58
262144              15592.51
524288              31413.55
1048576             63477.37
2097152            130398.23
Flag 0
Flag 1
Flag 2
Flag 3
Flag 4
Flag 5

# OSU MPI Allgather Latency Test v5.6.2
# Size       Avg Latency(us)
1                      70.93
2                      70.11
4                      71.01
8                      69.69
16                     69.82
32                     70.19
64                     69.70
128                    69.70
256                    84.06
512                    95.50
1024                  116.63
2048                  165.49
4096                  245.67
8192                  412.45
16384                 881.48
32768                2054.72
65536                3410.17
131072               7261.74
262144              15590.25
524288              31486.74
1048576             63587.60
2097152            130534.91
Flag 0
Flag 1
Flag 2
Flag 3
Flag 4
Flag 5

# OSU MPI Allgather Latency Test v5.6.2
# Size       Avg Latency(us)
1                     147.40
2                     148.50
4                     147.80
8                     147.57
16                    160.94
32                    147.48
64                    151.75
128                   142.99
256                   132.22
512                   111.16
1024                  118.73
2048                  155.45
4096                  259.94
8192                  412.61
16384                 881.82
32768                2071.88
65536                3402.90
131072               7238.44
262144              15597.72
524288              31463.64
1048576             63494.34
2097152            130912.09
Flag 0
Flag 1
Flag 2
Flag 3
Flag 4
Flag 5

# OSU MPI Allgather Latency Test v5.6.2
# Size       Avg Latency(us)
1                      98.76
2                      98.51
4                     100.43
8                      98.65
16                     96.13
32                     98.09
64                    100.56
128                    99.27
256                    92.03
512                    98.47
1024                  115.49
2048                  158.86
4096                  245.61
8192                  411.50
16384                 888.48
32768                2182.72
65536                3408.47
131072               7219.89
262144              15612.98
524288              31466.07
1048576             63492.82
2097152            131465.16
