Flag 0
Flag 1
Flag 2
Flag 3
Flag 4
Flag 5

# OSU MPI Allgather Latency Test v5.6.2
# Size       Avg Latency(us)
1                      44.42
2                      44.63
4                      43.97
8                      44.61
16                     46.07
32                     45.59
64                     46.14
128                    47.93
256                    59.44
512                    69.01
1024                   84.57
2048                  113.00
4096                  166.79
8192                  284.85
16384                 517.19
32768                 984.26
65536                2152.74
131072               4292.11
262144               9094.39
524288              18885.00
1048576             38167.85
2097152             77000.09
Flag 0
Flag 1
Flag 2
Flag 3
Flag 4
Flag 5

# OSU MPI Allgather Latency Test v5.6.2
# Size       Avg Latency(us)
1                      44.35
2                      43.92
4                      43.94
8                      44.52
16                     45.76
32                     45.41
64                     45.87
128                    47.70
256                    59.41
512                    68.83
1024                   84.41
2048                  112.76
4096                  166.35
8192                  283.49
16384                 518.03
32768                 986.27
65536                2162.51
131072               4294.23
262144               9103.44
524288              18870.03
1048576             38162.91
2097152             77000.61
Flag 0
Flag 1
Flag 2
Flag 3
Flag 4
Flag 5

# OSU MPI Allgather Latency Test v5.6.2
# Size       Avg Latency(us)
1                      44.34
2                      43.84
4                      43.99
8                      44.54
16                     46.04
32                     45.41
64                     46.00
128                    48.02
256                    59.48
512                    68.95
1024                   84.53
2048                  113.06
4096                  166.80
8192                  283.51
16384                 513.32
32768                 986.57
65536                2159.09
131072               4290.76
262144               9095.70
524288              18899.93
1048576             38204.77
2097152             76995.71
Flag 0
Flag 1
Flag 2
Flag 3
Flag 4
Flag 5

# OSU MPI Allgather Latency Test v5.6.2
# Size       Avg Latency(us)
1                      44.52
2                      43.96
4                      44.18
8                      44.93
16                     46.08
32                     45.50
64                     46.07
128                    47.79
256                    59.50
512                    69.72
1024                   85.12
2048                  113.16
4096                  166.45
8192                  284.12
16384                 520.11
32768                 984.63
65536                2152.74
131072               4283.86
262144               9100.79
524288              18870.12
1048576             38189.34
2097152             77020.87
Flag 0
Flag 1
Flag 2
Flag 3
Flag 4
Flag 5

# OSU MPI Allgather Latency Test v5.6.2
# Size       Avg Latency(us)
1                      44.37
2                      44.28
4                      44.07
8                      44.78
16                     46.83
32                     45.68
64                     46.29
128                    48.10
256                    59.67
512                    69.04
1024                   84.65
2048                  113.20
4096                  166.91
8192                  284.73
16384                 509.86
32768                 991.40
65536                2159.20
131072               4292.59
262144               9096.05
524288              18879.71
1048576             38162.41
2097152             76985.28
Flag 0
Flag 1
Flag 2
Flag 3
Flag 4
Flag 5

# OSU MPI Allgather Latency Test v5.6.2
# Size       Avg Latency(us)
1                      44.37
2                      43.87
4                      43.88
8                      44.45
16                     46.07
32                     45.52
64                     45.96
128                    47.84
256                    59.47
512                    68.89
1024                   84.47
2048                  113.30
4096                  166.95
8192                  285.01
16384                 518.34
32768                 992.12
65536                2160.57
131072               4290.70
262144               9098.20
524288              18881.74
1048576             38175.98
2097152             77001.26
Flag 0
Flag 1
Flag 2
Flag 3
Flag 4
Flag 5

# OSU MPI Allgather Latency Test v5.6.2
# Size       Avg Latency(us)
1                      44.28
2                      43.77
4                      43.85
8                      44.39
16                     45.65
32                     45.28
64                     45.89
128                    47.92
256                    59.37
512                    68.89
1024                   84.52
2048                  112.89
4096                  166.87
8192                  284.80
16384                 519.53
32768                 983.99
65536                2160.33
131072               4295.42
262144               9092.38
524288              18873.91
1048576             38176.96
2097152             77041.68
Flag 0
Flag 1
Flag 2
Flag 3
Flag 4
Flag 5

# OSU MPI Allgather Latency Test v5.6.2
# Size       Avg Latency(us)
1                      44.32
2                      43.83
4                      43.84
8                      44.49
16                     45.59
32                     45.20
64                     45.88
128                    47.84
256                    59.45
512                    68.93
1024                   84.44
2048                  113.03
4096                  166.83
8192                  284.31
16384                 515.00
32768                 987.73
65536                2162.55
131072               4286.56
262144               9119.48
524288              18871.53
1048576             38164.93
2097152             77022.33
Flag 0
Flag 1
Flag 2
Flag 3
Flag 4
Flag 5

# OSU MPI Allgather Latency Test v5.6.2
# Size       Avg Latency(us)
1                      44.31
2                      43.92
4                      43.98
8                      44.55
16                     45.90
32                     45.45
64                     46.02
128                    47.89
256                    59.37
512                    68.91
1024                   84.34
2048                  112.98
4096                  166.51
8192                  283.20
16384                 521.61
32768                 985.73
65536                2158.49
131072               4292.83
262144               9103.81
524288              18870.30
1048576             38195.59
2097152             77005.45
Flag 0
Flag 1
Flag 2
Flag 3
Flag 4
Flag 5

# OSU MPI Allgather Latency Test v5.6.2
# Size       Avg Latency(us)
1                      44.62
2                      43.95
4                      44.02
8                      44.54
16                     45.75
32                     45.28
64                     45.90
128                    47.95
256                    59.53
512                    69.00
1024                   84.61
2048                  113.15
4096                  166.90
8192                  284.54
16384                 513.63
32768                 990.87
65536                2155.90
131072               4291.79
262144               9094.73
524288              18876.01
1048576             38188.82
2097152             76969.62
Flag 0
Flag 1
Flag 2
Flag 3
Flag 4
Flag 5

# OSU MPI Allgather Latency Test v5.6.2
# Size       Avg Latency(us)
1                      44.35
2                      43.99
4                      43.99
8                      44.83
16                     46.15
32                     46.10
64                     46.12
128                    47.87
256                    59.62
512                    68.85
1024                   84.59
2048                  113.22
4096                  166.97
8192                  284.45
16384                 516.85
32768                 996.93
65536                2155.83
131072               4283.73
262144               9092.78
524288              18876.04
1048576             38195.80
2097152             76969.28
Flag 0
Flag 1
Flag 2
Flag 3
Flag 4
Flag 5

# OSU MPI Allgather Latency Test v5.6.2
# Size       Avg Latency(us)
1                      45.05
2                      43.93
4                      43.85
8                      44.48
16                     45.89
32                     45.34
64                     45.86
128                    47.92
256                    59.45
512                    69.04
1024                   84.55
2048                  113.46
4096                  166.86
8192                  284.13
16384                 519.76
32768                 990.34
65536                2150.28
131072               4292.20
262144               9113.04
524288              18893.95
1048576             38215.52
2097152             76952.23
Flag 0
Flag 1
Flag 2
Flag 3
Flag 4
Flag 5

# OSU MPI Allgather Latency Test v5.6.2
# Size       Avg Latency(us)
1                      44.43
2                      43.89
4                      43.98
8                      44.64
16                     45.91
32                     45.39
64                     46.05
128                    47.76
256                    59.40
512                    68.83
1024                   84.39
2048                  112.92
4096                  166.37
8192                  284.13
16384                 524.08
32768                 991.88
65536                2167.68
131072               4287.74
262144               9112.42
524288              18884.83
1048576             38169.84
2097152             77042.22
Flag 0
Flag 1
Flag 2
Flag 3
Flag 4
Flag 5

# OSU MPI Allgather Latency Test v5.6.2
# Size       Avg Latency(us)
1                      44.36
2                      43.89
4                      43.87
8                      44.65
16                     45.98
32                     45.48
64                     46.15
128                    47.96
256                    59.43
512                    68.79
1024                   84.50
2048                  112.91
4096                  166.84
8192                  284.01
16384                 518.75
32768                 986.37
65536                2162.84
131072               4285.01
262144               9101.27
524288              18858.51
1048576             38165.56
2097152             77019.69
Flag 0
Flag 1
Flag 2
Flag 3
Flag 4
Flag 5

# OSU MPI Allgather Latency Test v5.6.2
# Size       Avg Latency(us)
1                      44.40
2                      43.90
4                      43.97
8                      44.59
16                     45.93
32                     45.52
64                     46.08
128                    47.97
256                    59.52
512                    69.02
1024                   84.51
2048                  113.17
4096                  166.84
8192                  285.20
16384                 517.10
32768                 985.53
65536                2156.23
131072               4284.72
262144               9102.97
524288              18869.98
1048576             38184.09
2097152             76943.87
