Flag 0
Flag 1
Flag 2
Flag 3
Flag 4
Flag 5

# OSU MPI Allgather Latency Test v5.6.2
# Size       Avg Latency(us)
1                      15.16
2                      14.22
4                      14.25
8                      14.97
16                     15.63
32                     17.68
64                     21.28
128                    23.76
256                    30.73
512                    46.31
1024                   79.71
2048                  115.73
4096                  175.76
8192                  314.80
16384                 597.57
32768                1137.20
65536                2242.42
131072               4571.04
262144               9641.12
524288              21415.50
1048576             43804.06
2097152             88156.64
Flag 0
Flag 1
Flag 2
Flag 3
Flag 4
Flag 5

# OSU MPI Allgather Latency Test v5.6.2
# Size       Avg Latency(us)
1                      15.05
2                      14.01
4                      14.21
8                      14.95
16                     16.42
32                     18.58
64                     19.88
128                    23.87
256                    30.63
512                    47.85
1024                   79.66
2048                  115.79
4096                  176.10
8192                  315.07
16384                 600.15
32768                1136.85
65536                2244.82
131072               4544.39
262144               9647.14
524288              21153.99
1048576             43680.72
2097152             91564.04
Flag 0
Flag 1
Flag 2
Flag 3
Flag 4
Flag 5

# OSU MPI Allgather Latency Test v5.6.2
# Size       Avg Latency(us)
1                      15.11
2                      14.80
4                      14.08
8                      15.08
16                     15.73
32                     17.94
64                     20.04
128                    23.86
256                    30.94
512                    47.87
1024                   79.38
2048                  115.76
4096                  176.42
8192                  315.14
16384                 596.17
32768                1135.51
65536                2239.50
131072               4560.54
262144               9644.16
524288              21111.25
1048576             43725.03
2097152             87920.36
Flag 0
Flag 1
Flag 2
Flag 3
Flag 4
Flag 5

# OSU MPI Allgather Latency Test v5.6.2
# Size       Avg Latency(us)
1                      15.05
2                      14.05
4                      14.09
8                      14.98
16                     16.14
32                     17.98
64                     19.93
128                    23.65
256                    30.80
512                    47.73
1024                   79.15
2048                  115.73
4096                  176.27
8192                  316.42
16384                 596.77
32768                1136.36
65536                2243.05
131072               4554.50
262144               9609.15
524288              21666.13
1048576             43813.07
2097152             87967.45
Flag 0
Flag 1
Flag 2
Flag 3
Flag 4
Flag 5

# OSU MPI Allgather Latency Test v5.6.2
# Size       Avg Latency(us)
1                      15.07
2                      14.01
4                      14.11
8                      14.92
16                     15.61
32                     17.57
64                     20.02
128                    23.70
256                    30.69
512                    47.46
1024                   79.14
2048                  115.96
4096                  175.14
8192                  314.24
16384                 596.62
32768                1133.83
65536                2240.23
131072               4540.19
262144               9626.74
524288              20982.82
1048576             43626.58
2097152             87765.03
Flag 0
Flag 1
Flag 2
Flag 3
Flag 4
Flag 5

# OSU MPI Allgather Latency Test v5.6.2
# Size       Avg Latency(us)
1                      15.10
2                      14.09
4                      14.17
8                      15.04
16                     15.79
32                     17.85
64                     19.98
128                    23.70
256                    30.80
512                    46.67
1024                   79.06
2048                  115.71
4096                  175.37
8192                  314.40
16384                 599.02
32768                1136.97
65536                2240.01
131072               4552.58
262144               9622.93
524288              20988.88
1048576             43605.55
2097152             87805.64
Flag 0
Flag 1
Flag 2
Flag 3
Flag 4
Flag 5

# OSU MPI Allgather Latency Test v5.6.2
# Size       Avg Latency(us)
1                      15.12
2                      14.00
4                      14.03
8                      15.58
16                     16.35
32                     17.76
64                     19.97
128                    23.73
256                    30.56
512                    47.86
1024                   78.70
2048                  115.63
4096                  176.23
8192                  315.29
16384                 597.21
32768                1135.95
65536                2241.17
131072               4563.13
262144               9602.69
524288              21651.99
1048576             43787.68
2097152             88036.23
Flag 0
Flag 1
Flag 2
Flag 3
Flag 4
Flag 5

# OSU MPI Allgather Latency Test v5.6.2
# Size       Avg Latency(us)
1                      15.10
2                      13.99
4                      14.78
8                      15.61
16                     15.71
32                     17.73
64                     20.02
128                    23.60
256                    30.61
512                    47.71
1024                   79.08
2048                  115.44
4096                  175.60
8192                  314.09
16384                 598.74
32768                1135.04
65536                2241.43
131072               4550.01
262144               9617.85
524288              21700.48
1048576             43764.05
2097152             88000.41
Flag 0
Flag 1
Flag 2
Flag 3
Flag 4
Flag 5

# OSU MPI Allgather Latency Test v5.6.2
# Size       Avg Latency(us)
1                      15.02
2                      14.77
4                      14.13
8                      14.96
16                     15.68
32                     17.71
64                     19.85
128                    23.67
256                    30.57
512                    46.41
1024                   79.06
2048                  115.68
4096                  175.62
8192                  315.86
16384                 598.67
32768                1139.64
65536                2243.60
131072               4562.00
262144               9628.67
524288              21027.62
1048576             43629.08
2097152             87802.90
Flag 0
Flag 1
Flag 2
Flag 3
Flag 4
Flag 5

# OSU MPI Allgather Latency Test v5.6.2
# Size       Avg Latency(us)
1                      15.04
2                      13.97
4                      14.28
8                      14.99
16                     15.62
32                     17.86
64                     19.88
128                    24.53
256                    30.71
512                    46.86
1024                   79.16
2048                  115.66
4096                  175.86
8192                  314.17
16384                 597.09
32768                1135.23
65536                2241.32
131072               4537.76
262144               9629.51
524288              21009.38
1048576             43809.26
2097152             87998.78
Flag 0
Flag 1
Flag 2
Flag 3
Flag 4
Flag 5

# OSU MPI Allgather Latency Test v5.6.2
# Size       Avg Latency(us)
1                      15.75
2                      13.92
4                      14.01
8                      14.83
16                     15.56
32                     17.72
64                     19.63
128                    23.43
256                    31.21
512                    47.51
1024                   78.80
2048                  115.43
4096                  175.11
8192                  315.10
16384                 597.47
32768                1137.06
65536                2247.47
131072               4560.68
262144               9620.90
524288              20978.65
1048576             43668.64
2097152             87920.68
Flag 0
Flag 1
Flag 2
Flag 3
Flag 4
Flag 5

# OSU MPI Allgather Latency Test v5.6.2
# Size       Avg Latency(us)
1                      15.03
2                      14.70
4                      14.08
8                      14.97
16                     15.63
32                     17.69
64                     19.92
128                    23.59
256                    30.53
512                    48.42
1024                   79.09
2048                  115.76
4096                  175.10
8192                  314.96
16384                 598.40
32768                1138.66
65536                2247.48
131072               4582.56
262144               9608.84
524288              21044.30
1048576             43715.51
2097152             87876.43
Flag 0
Flag 1
Flag 2
Flag 3
Flag 4
Flag 5

# OSU MPI Allgather Latency Test v5.6.2
# Size       Avg Latency(us)
1                      15.05
2                      13.98
4                      14.72
8                      14.90
16                     16.33
32                     17.68
64                     19.73
128                    23.49
256                    31.32
512                    47.13
1024                   78.66
2048                  115.33
4096                  174.83
8192                  314.63
16384                 597.65
32768                1136.81
65536                2244.81
131072               4543.23
262144               9616.64
524288              21039.80
1048576             43547.09
2097152             87956.34
Flag 0
Flag 1
Flag 2
Flag 3
Flag 4
Flag 5

# OSU MPI Allgather Latency Test v5.6.2
# Size       Avg Latency(us)
1                      14.95
2                      13.98
4                      14.06
8                      14.88
16                     15.54
32                     17.73
64                     20.51
128                    23.54
256                    31.27
512                    47.20
1024                   79.21
2048                  115.96
4096                  176.32
8192                  314.71
16384                 597.53
32768                1136.01
65536                2245.21
131072               4554.04
262144               9615.42
524288              20990.96
1048576             43665.76
2097152             87899.51
Flag 0
Flag 1
Flag 2
Flag 3
Flag 4
Flag 5

# OSU MPI Allgather Latency Test v5.6.2
# Size       Avg Latency(us)
1                      15.23
2                      14.10
4                      14.58
8                      15.02
16                     15.65
32                     17.91
64                     20.41
128                    23.63
256                    31.36
512                    47.52
1024                   79.10
2048                  117.21
4096                  176.06
8192                  315.87
16384                 597.82
32768                1136.56
65536                2241.86
131072               4537.51
262144               9590.30
524288              21001.46
1048576             43394.71
2097152             87797.42
