Flag 0
Flag 1
Flag 2
Flag 3
Flag 4
Flag 5

# OSU MPI Allgather Latency Test v5.6.2
# Size       Avg Latency(us)
1                      13.53
2                      13.45
4                      13.36
8                      14.57
16                     16.38
32                     19.67
64                     20.73
128                    25.38
256                    35.46
512                    46.94
1024                   78.19
2048                  120.13
4096                  243.00
8192                  466.32
16384                 867.86
32768                1714.96
65536                3434.51
131072               6988.33
262144              15580.20
524288              33151.97
1048576             64891.29
2097152            154837.91
Flag 0
Flag 1
Flag 2
Flag 3
Flag 4
Flag 5

# OSU MPI Allgather Latency Test v5.6.2
# Size       Avg Latency(us)
1                      13.52
2                      13.43
4                      13.34
8                      15.57
16                     16.28
32                     19.72
64                     20.83
128                    25.54
256                    35.41
512                    47.01
1024                   78.47
2048                  120.35
4096                  243.51
8192                  466.78
16384                 871.88
32768                1706.50
65536                3431.80
131072               7088.77
262144              15674.70
524288              33139.51
1048576             64945.91
2097152            154659.17
Flag 0
Flag 1
Flag 2
Flag 3
Flag 4
Flag 5

# OSU MPI Allgather Latency Test v5.6.2
# Size       Avg Latency(us)
1                      13.51
2                      13.41
4                      13.34
8                      14.57
16                     16.37
32                     21.68
64                     20.90
128                    25.36
256                    35.51
512                    46.95
1024                   78.48
2048                  120.49
4096                  243.61
8192                  467.20
16384                 867.11
32768                1707.66
65536                3422.57
131072               6965.81
262144              15641.84
524288              33216.36
1048576             64880.53
2097152            154633.32
Flag 0
Flag 1
Flag 2
Flag 3
Flag 4
Flag 5

# OSU MPI Allgather Latency Test v5.6.2
# Size       Avg Latency(us)
1                      14.50
2                      13.42
4                      13.33
8                      14.52
16                     16.32
32                     19.62
64                     20.79
128                    25.34
256                    35.49
512                    46.86
1024                   78.22
2048                  120.33
4096                  244.18
8192                  467.08
16384                 868.04
32768                1709.17
65536                3422.97
131072               7050.14
262144              15611.97
524288              33162.85
1048576             64884.95
2097152            154965.12
Flag 0
Flag 1
Flag 2
Flag 3
Flag 4
Flag 5

# OSU MPI Allgather Latency Test v5.6.2
# Size       Avg Latency(us)
1                      14.50
2                      13.46
4                      14.38
8                      14.96
16                     16.37
32                     19.73
64                     21.06
128                    25.48
256                    34.88
512                    47.14
1024                   79.50
2048                  120.41
4096                  242.79
8192                  464.94
16384                 868.04
32768                1704.72
65536                3411.65
131072               6968.03
262144              15609.38
524288              33171.56
1048576             64896.23
2097152            154482.79
Flag 0
Flag 1
Flag 2
Flag 3
Flag 4
Flag 5

# OSU MPI Allgather Latency Test v5.6.2
# Size       Avg Latency(us)
1                      13.69
2                      13.46
4                      13.34
8                      14.51
16                     16.40
32                     20.92
64                     20.82
128                    25.43
256                    36.79
512                    47.28
1024                   78.48
2048                  120.66
4096                  244.23
8192                  468.54
16384                 869.79
32768                1710.35
65536                3439.60
131072               7056.07
262144              15610.73
524288              33198.18
1048576             64901.78
2097152            154658.00
Flag 0
Flag 1
Flag 2
Flag 3
Flag 4
Flag 5

# OSU MPI Allgather Latency Test v5.6.2
# Size       Avg Latency(us)
1                      13.50
2                      13.44
4                      13.35
8                      15.60
16                     16.25
32                     19.70
64                     21.90
128                    25.44
256                    35.62
512                    47.17
1024                   78.17
2048                  120.19
4096                  243.36
8192                  466.71
16384                 871.12
32768                1704.01
65536                3415.33
131072               7076.52
262144              15658.70
524288              33223.02
1048576             64840.96
2097152            154594.39
Flag 0
Flag 1
Flag 2
Flag 3
Flag 4
Flag 5

# OSU MPI Allgather Latency Test v5.6.2
# Size       Avg Latency(us)
1                      13.55
2                      13.40
4                      13.35
8                      15.54
16                     17.45
32                     19.78
64                     21.76
128                    25.38
256                    34.97
512                    46.96
1024                   78.42
2048                  120.35
4096                  243.71
8192                  464.58
16384                 866.11
32768                1707.50
65536                3417.19
131072               6995.61
262144              15615.34
524288              33156.97
1048576             64819.18
2097152            154601.86
Flag 0
Flag 1
Flag 2
Flag 3
Flag 4
Flag 5

# OSU MPI Allgather Latency Test v5.6.2
# Size       Avg Latency(us)
1                      14.54
2                      13.43
4                      13.36
8                      14.52
16                     17.36
32                     19.70
64                     21.49
128                    25.40
256                    34.53
512                    46.95
1024                   78.61
2048                  120.53
4096                  243.04
8192                  467.26
16384                 865.93
32768                1703.04
65536                3445.68
131072               7011.75
262144              15653.73
524288              33228.66
1048576             64847.75
2097152            154726.10
Flag 0
Flag 1
Flag 2
Flag 3
Flag 4
Flag 5

# OSU MPI Allgather Latency Test v5.6.2
# Size       Avg Latency(us)
1                      14.52
2                      13.42
4                      13.34
8                      14.51
16                     16.30
32                     19.64
64                     21.05
128                    25.40
256                    35.53
512                    47.16
1024                   78.04
2048                  120.16
4096                  242.67
8192                  466.82
16384                 869.03
32768                1709.72
65536                3410.61
131072               6963.87
262144              15627.39
524288              33287.73
1048576             64904.16
2097152            154627.46
Flag 0
Flag 1
Flag 2
Flag 3
Flag 4
Flag 5

# OSU MPI Allgather Latency Test v5.6.2
# Size       Avg Latency(us)
1                      13.46
2                      13.45
4                      13.37
8                      14.49
16                     16.99
32                     20.58
64                     20.78
128                    25.34
256                    35.28
512                    46.95
1024                   78.45
2048                  120.21
4096                  242.49
8192                  465.27
16384                 866.09
32768                1702.27
65536                3416.32
131072               6961.43
262144              15601.55
524288              33294.03
1048576             64935.18
2097152            154693.52
Flag 0
Flag 1
Flag 2
Flag 3
Flag 4
Flag 5

# OSU MPI Allgather Latency Test v5.6.2
# Size       Avg Latency(us)
1                      14.06
2                      13.55
4                      13.36
8                      14.53
16                     18.42
32                     19.73
64                     21.84
128                    25.42
256                    35.06
512                    46.90
1024                   78.18
2048                  120.07
4096                  242.53
8192                  465.95
16384                 870.93
32768                1704.11
65536                3420.59
131072               6984.21
262144              15624.26
524288              33210.22
1048576             64867.22
2097152            154626.10
Flag 0
Flag 1
Flag 2
Flag 3
Flag 4
Flag 5

# OSU MPI Allgather Latency Test v5.6.2
# Size       Avg Latency(us)
1                      13.49
2                      14.45
4                      13.34
8                      15.29
16                     16.38
32                     19.90
64                     20.85
128                    25.59
256                    35.63
512                    46.99
1024                   78.46
2048                  120.62
4096                  244.50
8192                  467.72
16384                 866.56
32768                1707.59
65536                3429.82
131072               7028.91
262144              15597.80
524288              33118.75
1048576             64879.13
2097152            154590.35
Flag 0
Flag 1
Flag 2
Flag 3
Flag 4
Flag 5

# OSU MPI Allgather Latency Test v5.6.2
# Size       Avg Latency(us)
1                      13.52
2                      14.43
4                      13.35
8                      14.58
16                     16.35
32                     19.68
64                     21.20
128                    26.59
256                    34.59
512                    47.91
1024                   78.87
2048                  120.63
4096                  244.13
8192                  471.13
16384                 877.90
32768                1704.16
65536                3433.14
131072               7099.90
262144              15638.45
524288              33279.77
1048576             64837.28
2097152            154876.30
Flag 0
Flag 1
Flag 2
Flag 3
Flag 4
Flag 5

# OSU MPI Allgather Latency Test v5.6.2
# Size       Avg Latency(us)
1                      15.53
2                      13.41
4                      13.33
8                      14.59
16                     16.30
32                     19.60
64                     20.95
128                    25.46
256                    35.06
512                    47.10
1024                   78.36
2048                  120.35
4096                  242.96
8192                  466.97
16384                 866.05
32768                1711.80
65536                3419.94
131072               7044.68
262144              15616.01
524288              33196.32
1048576             64821.06
2097152            154723.89
