Flag 0
Flag 1
Flag 2
Flag 3
Flag 4
Flag 5

# OSU MPI Allgather Latency Test v5.6.2
# Size       Avg Latency(us)
1                      16.22
2                      14.88
4                      15.03
8                      15.89
16                     16.04
32                     17.77
64                     20.56
128                    25.10
256                    31.73
512                    48.52
1024                   78.35
2048                  109.29
4096                  161.26
8192                  279.81
16384                 536.09
32768                1201.75
65536                2719.73
131072               9117.74
262144              18314.92
524288              33030.64
1048576             57314.36
2097152            102823.79
Flag 0
Flag 1
Flag 2
Flag 3
Flag 4
Flag 5

# OSU MPI Allgather Latency Test v5.6.2
# Size       Avg Latency(us)
1                      15.95
2                      14.90
4                      16.53
8                      15.95
16                     16.11
32                     17.85
64                     20.46
128                    25.03
256                    31.54
512                    48.89
1024                   78.23
2048                  109.25
4096                  162.42
8192                  280.24
16384                 536.41
32768                1195.70
65536                2708.34
131072               9106.32
262144              18352.14
524288              32884.45
1048576             57174.68
2097152            103518.20
Flag 0
Flag 1
Flag 2
Flag 3
Flag 4
Flag 5

# OSU MPI Allgather Latency Test v5.6.2
# Size       Avg Latency(us)
1                      16.17
2                      15.04
4                      15.79
8                      15.91
16                     16.03
32                     17.75
64                     20.43
128                    25.03
256                    31.67
512                    48.24
1024                   78.54
2048                  109.33
4096                  162.53
8192                  280.64
16384                 535.46
32768                1190.46
65536                2718.61
131072               9095.47
262144              18334.08
524288              33040.85
1048576             57464.83
2097152            102927.70
Flag 0
Flag 1
Flag 2
Flag 3
Flag 4
Flag 5

# OSU MPI Allgather Latency Test v5.6.2
# Size       Avg Latency(us)
1                      15.80
2                      14.92
4                      15.02
8                      15.97
16                     16.03
32                     17.78
64                     20.42
128                    25.03
256                    31.57
512                    48.83
1024                   78.33
2048                  109.13
4096                  162.31
8192                  279.63
16384                 533.14
32768                1196.04
65536                2714.49
131072               9086.23
262144              18271.16
524288              33050.83
1048576             57119.40
2097152            102629.42
Flag 0
Flag 1
Flag 2
Flag 3
Flag 4
Flag 5

# OSU MPI Allgather Latency Test v5.6.2
# Size       Avg Latency(us)
1                      15.79
2                      14.91
4                      15.05
8                      16.02
16                     16.13
32                     17.81
64                     20.55
128                    25.26
256                    32.42
512                    48.34
1024                   78.65
2048                  108.93
4096                  161.75
8192                  280.07
16384                 538.32
32768                1199.00
65536                2702.64
131072               9104.00
262144              18279.47
524288              33509.33
1048576             57256.26
2097152            103321.90
Flag 0
Flag 1
Flag 2
Flag 3
Flag 4
Flag 5

# OSU MPI Allgather Latency Test v5.6.2
# Size       Avg Latency(us)
1                      15.82
2                      14.86
4                      15.10
8                      15.90
16                     16.06
32                     17.82
64                     20.41
128                    25.09
256                    31.75
512                    50.03
1024                   78.58
2048                  109.11
4096                  163.45
8192                  279.66
16384                 536.30
32768                1201.54
65536                2712.77
131072               9091.14
262144              18330.48
524288              32938.33
1048576             57028.24
2097152            103378.04
Flag 0
Flag 1
Flag 2
Flag 3
Flag 4
Flag 5

# OSU MPI Allgather Latency Test v5.6.2
# Size       Avg Latency(us)
1                      16.65
2                      14.99
4                      15.11
8                      15.99
16                     16.11
32                     17.80
64                     21.09
128                    25.10
256                    32.53
512                    47.95
1024                   78.68
2048                  109.16
4096                  161.89
8192                  281.11
16384                 532.30
32768                1197.31
65536                2700.86
131072               9088.73
262144              18336.39
524288              32883.57
1048576             56869.95
2097152            102657.82
Flag 0
Flag 1
Flag 2
Flag 3
Flag 4
Flag 5

# OSU MPI Allgather Latency Test v5.6.2
# Size       Avg Latency(us)
1                      16.61
2                      14.91
4                      15.08
8                      15.94
16                     16.01
32                     17.78
64                     20.41
128                    25.12
256                    31.89
512                    49.06
1024                   78.94
2048                  108.97
4096                  161.80
8192                  280.27
16384                 535.56
32768                1202.21
65536                2709.02
131072               9083.29
262144              18336.67
524288              32920.79
1048576             57185.40
2097152            102542.21
Flag 0
Flag 1
Flag 2
Flag 3
Flag 4
Flag 5

# OSU MPI Allgather Latency Test v5.6.2
# Size       Avg Latency(us)
1                      15.90
2                      14.91
4                      15.09
8                      15.91
16                     16.81
32                     17.74
64                     20.49
128                    24.93
256                    31.73
512                    47.32
1024                   78.72
2048                  109.10
4096                  162.36
8192                  280.45
16384                 535.22
32768                1198.34
65536                2710.00
131072               9095.90
262144              18320.31
524288              33397.20
1048576             57607.10
2097152            104337.56
Flag 0
Flag 1
Flag 2
Flag 3
Flag 4
Flag 5

# OSU MPI Allgather Latency Test v5.6.2
# Size       Avg Latency(us)
1                      16.16
2                      14.86
4                      15.01
8                      15.82
16                     15.95
32                     17.64
64                     20.33
128                    24.94
256                    31.43
512                    48.03
1024                   78.49
2048                  109.18
4096                  161.48
8192                  279.01
16384                 535.64
32768                1195.94
65536                2701.85
131072               9093.20
262144              18325.87
524288              32870.01
1048576             56653.92
2097152            102875.24
Flag 0
Flag 1
Flag 2
Flag 3
Flag 4
Flag 5

# OSU MPI Allgather Latency Test v5.6.2
# Size       Avg Latency(us)
1                      15.93
2                      14.88
4                      15.04
8                      16.66
16                     16.02
32                     18.57
64                     20.49
128                    25.07
256                    31.65
512                    48.70
1024                   78.59
2048                  109.01
4096                  162.85
8192                  280.59
16384                 539.33
32768                1202.04
65536                2710.81
131072               9105.01
262144              18324.98
524288              32916.51
1048576             57403.70
2097152            103250.68
Flag 0
Flag 1
Flag 2
Flag 3
Flag 4
Flag 5

# OSU MPI Allgather Latency Test v5.6.2
# Size       Avg Latency(us)
1                      16.05
2                      14.99
4                      15.25
8                      16.90
16                     16.76
32                     17.77
64                     20.46
128                    25.10
256                    31.89
512                    48.74
1024                   78.58
2048                  109.14
4096                  162.94
8192                  280.36
16384                 534.68
32768                1192.79
65536                2712.86
131072               9090.74
262144              18335.05
524288              32894.24
1048576             57017.04
2097152            102283.60
Flag 0
Flag 1
Flag 2
Flag 3
Flag 4
Flag 5

# OSU MPI Allgather Latency Test v5.6.2
# Size       Avg Latency(us)
1                      15.82
2                      14.91
4                      15.13
8                      16.09
16                     16.09
32                     17.82
64                     20.63
128                    26.06
256                    32.20
512                    47.85
1024                   78.78
2048                  109.22
4096                  161.80
8192                  281.19
16384                 536.23
32768                1199.95
65536                2719.47
131072               9120.74
262144              18280.69
524288              33020.70
1048576             57625.47
2097152            103583.85
Flag 0
Flag 1
Flag 2
Flag 3
Flag 4
Flag 5

# OSU MPI Allgather Latency Test v5.6.2
# Size       Avg Latency(us)
1                      15.83
2                      14.91
4                      15.02
8                      15.88
16                     16.05
32                     17.80
64                     20.47
128                    25.09
256                    31.63
512                    49.87
1024                   78.30
2048                  109.31
4096                  162.00
8192                  278.72
16384                 537.08
32768                1200.39
65536                2714.62
131072               9114.47
262144              18327.63
524288              33016.29
1048576             57212.69
2097152            103055.71
Flag 0
Flag 1
Flag 2
Flag 3
Flag 4
Flag 5

# OSU MPI Allgather Latency Test v5.6.2
# Size       Avg Latency(us)
1                      15.84
2                      14.91
4                      15.03
8                      15.91
16                     16.03
32                     18.51
64                     20.39
128                    24.85
256                    31.50
512                    48.14
1024                   78.03
2048                  109.33
4096                  162.37
8192                  281.50
16384                 534.38
32768                1197.98
65536                2711.01
131072               9106.30
262144              18263.10
524288              33039.31
1048576             57317.58
2097152            103536.53
