Flag 0
Flag 1
Flag 2
Flag 3
Flag 4
Flag 5

# OSU MPI Allgather Latency Test v5.6.2
# Size       Avg Latency(us)
1                      14.74
2                      15.79
4                      15.90
8                      16.99
16                     16.35
32                     20.68
64                     23.49
128                    28.56
256                    35.04
512                    49.69
1024                   73.63
2048                  105.73
4096                  219.00
8192                  407.53
16384                 861.58
32768                2071.19
65536                4475.25
131072              13783.95
262144              27857.84
524288              50908.64
1048576             87037.72
2097152            187214.44
Flag 0
Flag 1
Flag 2
Flag 3
Flag 4
Flag 5

# OSU MPI Allgather Latency Test v5.6.2
# Size       Avg Latency(us)
1                      14.51
2                      14.72
4                      14.88
8                      16.04
16                     16.60
32                     20.16
64                     24.34
128                    28.46
256                    36.33
512                    48.72
1024                   73.95
2048                  105.82
4096                  219.24
8192                  412.83
16384                 867.69
32768                2080.90
65536                4461.29
131072              13837.93
262144              27833.03
524288              50862.30
1048576             86400.82
2097152            186354.14
Flag 0
Flag 1
Flag 2
Flag 3
Flag 4
Flag 5

# OSU MPI Allgather Latency Test v5.6.2
# Size       Avg Latency(us)
1                      14.93
2                      14.75
4                      15.92
8                      15.88
16                     16.34
32                     20.26
64                     24.22
128                    28.61
256                    35.04
512                    49.12
1024                   73.78
2048                  105.03
4096                  219.15
8192                  411.55
16384                 861.34
32768                2085.40
65536                4494.14
131072              13830.79
262144              27843.64
524288              50880.75
1048576             87119.08
2097152            184212.51
Flag 0
Flag 1
Flag 2
Flag 3
Flag 4
Flag 5

# OSU MPI Allgather Latency Test v5.6.2
# Size       Avg Latency(us)
1                      14.52
2                      16.81
4                      14.91
8                      15.88
16                     16.30
32                     21.32
64                     23.00
128                    28.40
256                    35.09
512                    48.73
1024                   73.79
2048                  106.03
4096                  219.33
8192                  410.78
16384                 863.59
32768                2082.44
65536                4478.84
131072              13833.11
262144              27838.03
524288              50844.99
1048576             86967.19
2097152            184129.63
Flag 0
Flag 1
Flag 2
Flag 3
Flag 4
Flag 5

# OSU MPI Allgather Latency Test v5.6.2
# Size       Avg Latency(us)
1                      15.51
2                      14.72
4                      15.89
8                      15.91
16                     17.37
32                     20.18
64                     24.00
128                    26.63
256                    35.57
512                    48.76
1024                   73.64
2048                  104.71
4096                  218.41
8192                  409.25
16384                 866.25
32768                2082.13
65536                4465.60
131072              13809.25
262144              27886.03
524288              50942.28
1048576             87141.48
2097152            184709.58
Flag 0
Flag 1
Flag 2
Flag 3
Flag 4
Flag 5

# OSU MPI Allgather Latency Test v5.6.2
# Size       Avg Latency(us)
1                      14.47
2                      14.71
4                      14.89
8                      16.03
16                     18.61
32                     20.66
64                     23.53
128                    27.85
256                    36.01
512                    48.75
1024                   74.17
2048                  105.34
4096                  218.71
8192                  410.84
16384                 862.61
32768                2077.94
65536                4480.54
131072              13810.02
262144              27880.40
524288              50992.15
1048576             86919.05
2097152            184420.71
Flag 0
Flag 1
Flag 2
Flag 3
Flag 4
Flag 5

# OSU MPI Allgather Latency Test v5.6.2
# Size       Avg Latency(us)
1                      14.57
2                      14.74
4                      14.86
8                      15.97
16                     16.57
32                     20.36
64                     23.75
128                    26.68
256                    37.04
512                    48.71
1024                   73.89
2048                  105.67
4096                  218.92
8192                  409.92
16384                 861.38
32768                2076.14
65536                4488.59
131072              13820.64
262144              27844.83
524288              50898.05
1048576             87192.52
2097152            184478.03
Flag 0
Flag 1
Flag 2
Flag 3
Flag 4
Flag 5

# OSU MPI Allgather Latency Test v5.6.2
# Size       Avg Latency(us)
1                      14.44
2                      14.72
4                      14.90
8                      15.89
16                     16.36
32                     20.21
64                     22.99
128                    26.53
256                    35.94
512                    48.54
1024                   73.68
2048                  105.07
4096                  219.87
8192                  410.22
16384                 860.86
32768                2252.96
65536                4486.62
131072              14527.00
262144              27835.71
524288              50935.45
1048576             90434.64
2097152            186650.46
Flag 0
Flag 1
Flag 2
Flag 3
Flag 4
Flag 5

# OSU MPI Allgather Latency Test v5.6.2
# Size       Avg Latency(us)
1                      14.58
2                      15.80
4                      14.89
8                      15.94
16                     16.53
32                     21.24
64                     24.08
128                    27.33
256                    35.41
512                    48.72
1024                   73.79
2048                  105.29
4096                  219.03
8192                  410.20
16384                 861.75
32768                2085.45
65536                4475.78
131072              13804.28
262144              27861.99
524288              50909.98
1048576             86789.35
2097152            184892.74
Flag 0
Flag 1
Flag 2
Flag 3
Flag 4
Flag 5

# OSU MPI Allgather Latency Test v5.6.2
# Size       Avg Latency(us)
1                      14.48
2                      14.72
4                      15.90
8                      15.87
16                     17.05
32                     20.20
64                     22.98
128                    26.68
256                    35.52
512                    48.65
1024                   73.76
2048                  105.24
4096                  218.99
8192                  408.13
16384                 861.49
32768                2072.41
65536                4471.90
131072              13784.84
262144              27848.18
524288              50883.20
1048576             86490.15
2097152            184273.57
Flag 0
Flag 1
Flag 2
Flag 3
Flag 4
Flag 5

# OSU MPI Allgather Latency Test v5.6.2
# Size       Avg Latency(us)
1                      15.60
2                      14.75
4                      14.87
8                      15.90
16                     16.63
32                     20.48
64                     24.01
128                    27.70
256                    36.47
512                    49.00
1024                   73.98
2048                  105.19
4096                  219.29
8192                  411.97
16384                 861.49
32768                2077.21
65536                4461.70
131072              13802.04
262144              27854.88
524288              50936.67
1048576             86403.83
2097152            183615.97
Flag 0
Flag 1
Flag 2
Flag 3
Flag 4
Flag 5

# OSU MPI Allgather Latency Test v5.6.2
# Size       Avg Latency(us)
1                      14.52
2                      15.11
4                      15.36
8                      16.67
16                     16.34
32                     20.35
64                     24.08
128                    27.43
256                    35.60
512                    49.41
1024                   73.62
2048                  105.35
4096                  219.14
8192                  415.45
16384                 865.37
32768                2073.59
65536                4460.21
131072              13816.38
262144              27841.06
524288              51010.33
1048576             87361.82
2097152            184718.25
Flag 0
Flag 1
Flag 2
Flag 3
Flag 4
Flag 5

# OSU MPI Allgather Latency Test v5.6.2
# Size       Avg Latency(us)
1                      15.60
2                      14.99
4                      15.04
8                      16.21
16                     16.65
32                     20.46
64                     24.54
128                    26.84
256                    36.34
512                    49.44
1024                   74.41
2048                  105.45
4096                  220.02
8192                  409.34
16384                 861.54
32768                2070.66
65536                4475.50
131072              13811.21
262144              27826.87
524288              50935.14
1048576             87388.16
2097152            183770.95
Flag 0
Flag 1
Flag 2
Flag 3
Flag 4
Flag 5

# OSU MPI Allgather Latency Test v5.6.2
# Size       Avg Latency(us)
1                      17.59
2                      14.75
4                      14.88
8                      15.89
16                     16.32
32                     20.25
64                     23.37
128                    26.74
256                    35.07
512                    48.62
1024                   73.64
2048                  105.08
4096                  218.00
8192                  410.94
16384                 857.83
32768                2073.27
65536                4463.88
131072              13806.04
262144              27855.40
524288              50905.44
1048576             86908.16
2097152            185123.53
Flag 0
Flag 1
Flag 2
Flag 3
Flag 4
Flag 5

# OSU MPI Allgather Latency Test v5.6.2
# Size       Avg Latency(us)
1                      14.56
2                      14.74
4                      15.91
8                      15.94
16                     16.38
32                     20.28
64                     23.05
128                    27.82
256                    35.14
512                    49.22
1024                   73.53
2048                  105.26
4096                  218.63
8192                  408.79
16384                 859.32
32768                2082.01
65536                4453.57
131072              13792.36
262144              27840.51
524288              50921.54
1048576             86930.92
2097152            185116.61
