Flag 0
Flag 1
Flag 2
Flag 3
Flag 4
Flag 5

# OSU MPI Allgather Latency Test v5.6.2
# Size       Avg Latency(us)
1                      16.23
2                      14.48
4                      14.06
8                      14.35
16                     14.75
32                     19.40
64                     24.78
128                    38.23
256                    54.47
512                    41.22
1024                   41.63
2048                   62.10
4096                  118.56
8192                  265.85
16384                 627.21
32768                1706.61
65536                3742.70
131072              12169.87
262144              24434.39
524288              42506.15
1048576             71663.17
2097152            153312.78
Flag 0
Flag 1
Flag 2
Flag 3
Flag 4
Flag 5

# OSU MPI Allgather Latency Test v5.6.2
# Size       Avg Latency(us)
1                      16.13
2                      14.54
4                      14.43
8                      14.29
16                     14.71
32                     19.33
64                     24.64
128                    37.88
256                    53.81
512                    41.35
1024                   41.60
2048                   62.28
4096                  119.03
8192                  266.57
16384                 627.19
32768                1708.07
65536                3750.22
131072              12148.98
262144              24447.94
524288              42485.05
1048576             71377.84
2097152            153290.94
Flag 0
Flag 1
Flag 2
Flag 3
Flag 4
Flag 5

# OSU MPI Allgather Latency Test v5.6.2
# Size       Avg Latency(us)
1                      16.66
2                      14.39
4                      14.07
8                      14.31
16                     14.72
32                     19.34
64                     24.79
128                    37.48
256                    52.92
512                    41.37
1024                   41.61
2048                   62.58
4096                  119.89
8192                  268.97
16384                 632.39
32768                1707.44
65536                3746.86
131072              12143.15
262144              24427.83
524288              42459.32
1048576             71742.01
2097152            153539.46
Flag 0
Flag 1
Flag 2
Flag 3
Flag 4
Flag 5

# OSU MPI Allgather Latency Test v5.6.2
# Size       Avg Latency(us)
1                      16.10
2                      14.35
4                      14.51
8                      14.27
16                     14.63
32                     19.16
64                     24.55
128                    37.60
256                    53.83
512                    42.12
1024                   41.88
2048                   62.28
4096                  119.38
8192                  267.42
16384                 628.79
32768                1720.21
65536                3753.90
131072              12148.50
262144              24445.98
524288              42536.86
1048576             71393.50
2097152            153925.28
Flag 0
Flag 1
Flag 2
Flag 3
Flag 4
Flag 5

# OSU MPI Allgather Latency Test v5.6.2
# Size       Avg Latency(us)
1                      16.17
2                      14.35
4                      14.07
8                      14.42
16                     14.85
32                     19.29
64                     24.58
128                    37.63
256                    54.29
512                    41.03
1024                   41.76
2048                   62.24
4096                  118.13
8192                  266.22
16384                 630.77
32768                1714.89
65536                3752.17
131072              12149.68
262144              24435.71
524288              42547.10
1048576             72229.95
2097152            154397.63
Flag 0
Flag 1
Flag 2
Flag 3
Flag 4
Flag 5

# OSU MPI Allgather Latency Test v5.6.2
# Size       Avg Latency(us)
1                      16.13
2                      14.39
4                      14.25
8                      14.47
16                     14.78
32                     19.30
64                     24.64
128                    38.00
256                    55.21
512                    42.13
1024                   41.73
2048                   62.32
4096                  119.26
8192                  268.87
16384                 633.33
32768                1716.67
65536                3743.52
131072              12149.28
262144              24451.46
524288              42437.36
1048576             71267.43
2097152            153914.41
Flag 0
Flag 1
Flag 2
Flag 3
Flag 4
Flag 5

# OSU MPI Allgather Latency Test v5.6.2
# Size       Avg Latency(us)
1                      16.66
2                      14.53
4                      14.28
8                      14.53
16                     15.13
32                     20.04
64                     25.28
128                    37.93
256                    53.34
512                    41.81
1024                   41.69
2048                   62.18
4096                  119.25
8192                  267.33
16384                 630.51
32768                1685.46
65536                3749.82
131072              12164.42
262144              24447.39
524288              42572.51
1048576             72467.48
2097152            154426.19
Flag 0
Flag 1
Flag 2
Flag 3
Flag 4
Flag 5

# OSU MPI Allgather Latency Test v5.6.2
# Size       Avg Latency(us)
1                      16.18
2                      14.37
4                      14.08
8                      14.29
16                     14.72
32                     19.35
64                     24.78
128                    37.93
256                    53.77
512                    41.28
1024                   41.71
2048                   62.30
4096                  118.91
8192                  267.34
16384                 626.71
32768                1714.71
65536                3763.45
131072              12150.79
262144              24403.82
524288              42481.13
1048576             71397.01
2097152            154381.59
Flag 0
Flag 1
Flag 2
Flag 3
Flag 4
Flag 5

# OSU MPI Allgather Latency Test v5.6.2
# Size       Avg Latency(us)
1                      16.56
2                      14.57
4                      14.23
8                      14.46
16                     15.10
32                     20.14
64                     25.46
128                    37.85
256                    54.29
512                    41.68
1024                   41.75
2048                   62.51
4096                  119.22
8192                  268.11
16384                 631.08
32768                1700.58
65536                3750.72
131072              12133.14
262144              24416.11
524288              42550.55
1048576             71923.14
2097152            153588.92
Flag 0
Flag 1
Flag 2
Flag 3
Flag 4
Flag 5

# OSU MPI Allgather Latency Test v5.6.2
# Size       Avg Latency(us)
1                      16.20
2                      14.40
4                      14.08
8                      14.34
16                     14.74
32                     19.35
64                     24.70
128                    38.21
256                    55.84
512                    41.76
1024                   41.72
2048                   62.14
4096                  119.06
8192                  267.46
16384                 630.49
32768                1703.72
65536                3742.27
131072              12159.36
262144              24407.63
524288              42455.04
1048576             71488.93
2097152            152713.71
Flag 0
Flag 1
Flag 2
Flag 3
Flag 4
Flag 5

# OSU MPI Allgather Latency Test v5.6.2
# Size       Avg Latency(us)
1                      16.42
2                      14.59
4                      14.18
8                      14.45
16                     14.92
32                     19.86
64                     25.09
128                    37.92
256                    53.69
512                    42.22
1024                   41.80
2048                   62.31
4096                  118.91
8192                  266.80
16384                 654.89
32768                1711.13
65536                3729.83
131072              12137.18
262144              24457.00
524288              42478.06
1048576             71607.53
2097152            155299.56
Flag 0
Flag 1
Flag 2
Flag 3
Flag 4
Flag 5

# OSU MPI Allgather Latency Test v5.6.2
# Size       Avg Latency(us)
1                      16.65
2                      14.56
4                      14.30
8                      14.45
16                     15.16
32                     20.24
64                     25.38
128                    38.30
256                    53.79
512                    41.46
1024                   41.74
2048                   62.37
4096                  118.77
8192                  267.50
16384                 628.29
32768                1691.82
65536                3723.21
131072              12129.17
262144              24419.15
524288              42475.90
1048576             71629.26
2097152            153722.89
Flag 0
Flag 1
Flag 2
Flag 3
Flag 4
Flag 5

# OSU MPI Allgather Latency Test v5.6.2
# Size       Avg Latency(us)
1                      16.54
2                      14.54
4                      14.21
8                      14.49
16                     15.06
32                     20.04
64                     25.21
128                    37.79
256                    55.25
512                    41.35
1024                   41.75
2048                   62.30
4096                  118.77
8192                  266.31
16384                 627.79
32768                1705.60
65536                3720.05
131072              12136.13
262144              24411.14
524288              42473.40
1048576             71986.10
2097152            155018.49
Flag 0
Flag 1
Flag 2
Flag 3
Flag 4
Flag 5

# OSU MPI Allgather Latency Test v5.6.2
# Size       Avg Latency(us)
1                      16.23
2                      14.48
4                      14.10
8                      14.38
16                     14.82
32                     19.36
64                     24.73
128                    37.26
256                    53.18
512                    41.62
1024                   41.72
2048                   62.18
4096                  118.97
8192                  267.33
16384                 631.51
32768                1709.33
65536                3740.35
131072              12144.30
262144              24408.27
524288              42409.96
1048576             71665.59
2097152            154196.55
Flag 0
Flag 1
Flag 2
Flag 3
Flag 4
Flag 5

# OSU MPI Allgather Latency Test v5.6.2
# Size       Avg Latency(us)
1                      16.51
2                      14.65
4                      14.24
8                      14.48
16                     15.18
32                     20.07
64                     25.34
128                    38.27
256                    54.02
512                    40.95
1024                   41.61
2048                   62.47
4096                  119.58
8192                  268.09
16384                 629.48
32768                1695.14
65536                3728.86
131072              12131.33
262144              24404.82
524288              42403.97
1048576             71040.35
2097152            153617.60
