Flag 0
Flag 1
Flag 2
Flag 3
Flag 4
Flag 5

# OSU MPI Allgather Latency Test v5.6.2
# Size       Avg Latency(us)
1                      16.42
2                      14.32
4                      14.13
8                      14.33
16                     14.05
32                     15.76
64                     19.07
128                    27.24
256                    39.74
512                    40.84
1024                   34.73
2048                   49.91
4096                   81.49
8192                  190.16
16384                 389.04
32768                 911.24
65536                2155.21
131072               7884.42
262144              15935.66
524288              27370.44
1048576             45722.79
2097152             82045.91
Flag 0
Flag 1
Flag 2
Flag 3
Flag 4
Flag 5

# OSU MPI Allgather Latency Test v5.6.2
# Size       Avg Latency(us)
1                      16.34
2                      14.31
4                      14.18
8                      14.38
16                     14.13
32                     15.79
64                     19.16
128                    27.41
256                    39.87
512                    41.40
1024                   34.98
2048                   50.06
4096                   81.64
8192                  190.54
16384                 389.03
32768                 917.66
65536                2174.60
131072               7905.04
262144              15938.12
524288              27381.99
1048576             45767.37
2097152             80606.73
Flag 0
Flag 1
Flag 2
Flag 3
Flag 4
Flag 5

# OSU MPI Allgather Latency Test v5.6.2
# Size       Avg Latency(us)
1                      16.30
2                      14.29
4                      14.13
8                      14.33
16                     14.10
32                     15.72
64                     19.01
128                    26.89
256                    39.26
512                    41.33
1024                   34.72
2048                   49.95
4096                   81.24
8192                  189.82
16384                 388.81
32768                 915.15
65536                2155.96
131072               7919.13
262144              15950.02
524288              27308.90
1048576             45785.95
2097152             81281.56
Flag 0
Flag 1
Flag 2
Flag 3
Flag 4
Flag 5

# OSU MPI Allgather Latency Test v5.6.2
# Size       Avg Latency(us)
1                      16.39
2                      14.34
4                      14.17
8                      14.43
16                     14.17
32                     15.83
64                     19.28
128                    27.41
256                    38.97
512                    40.99
1024                   34.77
2048                   50.06
4096                   81.83
8192                  190.66
16384                 387.53
32768                 917.48
65536                2149.47
131072               7882.48
262144              15920.34
524288              27419.32
1048576             45776.65
2097152             82013.69
Flag 0
Flag 1
Flag 2
Flag 3
Flag 4
Flag 5

# OSU MPI Allgather Latency Test v5.6.2
# Size       Avg Latency(us)
1                      16.28
2                      14.32
4                      14.09
8                      14.34
16                     14.09
32                     15.72
64                     19.17
128                    26.55
256                    38.72
512                    40.99
1024                   34.88
2048                   50.19
4096                   81.41
8192                  190.80
16384                 388.90
32768                 919.32
65536                2168.63
131072               7918.78
262144              15922.14
524288              27416.71
1048576             45996.02
2097152             81937.76
Flag 0
Flag 1
Flag 2
Flag 3
Flag 4
Flag 5

# OSU MPI Allgather Latency Test v5.6.2
# Size       Avg Latency(us)
1                      16.31
2                      14.32
4                      14.16
8                      14.38
16                     14.12
32                     15.90
64                     19.25
128                    27.29
256                    39.70
512                    41.21
1024                   34.76
2048                   50.06
4096                   81.30
8192                  190.20
16384                 387.69
32768                 921.91
65536                2176.47
131072               7893.52
262144              15873.82
524288              27405.92
1048576             45770.36
2097152             80702.66
Flag 0
Flag 1
Flag 2
Flag 3
Flag 4
Flag 5

# OSU MPI Allgather Latency Test v5.6.2
# Size       Avg Latency(us)
1                      16.35
2                      14.37
4                      14.16
8                      14.36
16                     14.09
32                     15.74
64                     19.13
128                    27.03
256                    39.14
512                    41.87
1024                   35.00
2048                   50.07
4096                   81.88
8192                  189.57
16384                 386.48
32768                 918.00
65536                2165.50
131072               7914.65
262144              15952.74
524288              27398.67
1048576             45576.57
2097152             81478.91
Flag 0
Flag 1
Flag 2
Flag 3
Flag 4
Flag 5

# OSU MPI Allgather Latency Test v5.6.2
# Size       Avg Latency(us)
1                      16.27
2                      14.29
4                      14.13
8                      14.46
16                     14.08
32                     15.72
64                     19.02
128                    26.88
256                    39.95
512                    41.29
1024                   34.96
2048                   49.98
4096                   80.88
8192                  190.10
16384                 387.44
32768                 912.09
65536                2152.81
131072               7928.60
262144              15930.22
524288              27369.16
1048576             45752.81
2097152             81688.50
Flag 0
Flag 1
Flag 2
Flag 3
Flag 4
Flag 5

# OSU MPI Allgather Latency Test v5.6.2
# Size       Avg Latency(us)
1                      16.33
2                      14.35
4                      14.15
8                      14.47
16                     14.10
32                     15.85
64                     19.16
128                    27.00
256                    38.71
512                    41.06
1024                   34.88
2048                   50.15
4096                   82.22
8192                  189.63
16384                 388.33
32768                 912.51
65536                2145.41
131072               7911.43
262144              15956.51
524288              27441.02
1048576             45837.09
2097152             81964.19
Flag 0
Flag 1
Flag 2
Flag 3
Flag 4
Flag 5

# OSU MPI Allgather Latency Test v5.6.2
# Size       Avg Latency(us)
1                      16.40
2                      14.29
4                      14.14
8                      14.43
16                     14.10
32                     15.79
64                     19.13
128                    26.83
256                    38.92
512                    41.62
1024                   34.98
2048                   50.11
4096                   81.48
8192                  191.11
16384                 390.86
32768                 918.12
65536                2155.01
131072               7873.21
262144              15861.94
524288              27320.65
1048576             45778.23
2097152             81150.04
Flag 0
Flag 1
Flag 2
Flag 3
Flag 4
Flag 5

# OSU MPI Allgather Latency Test v5.6.2
# Size       Avg Latency(us)
1                      16.28
2                      14.30
4                      14.15
8                      14.44
16                     14.08
32                     15.79
64                     19.23
128                    27.77
256                    40.16
512                    41.91
1024                   34.90
2048                   49.98
4096                   81.37
8192                  190.04
16384                 385.89
32768                 925.17
65536                2164.05
131072               7892.63
262144              15867.50
524288              27348.73
1048576             46035.12
2097152             81555.55
Flag 0
Flag 1
Flag 2
Flag 3
Flag 4
Flag 5

# OSU MPI Allgather Latency Test v5.6.2
# Size       Avg Latency(us)
1                      16.32
2                      14.32
4                      14.17
8                      14.44
16                     14.14
32                     15.78
64                     19.25
128                    27.30
256                    39.30
512                    41.42
1024                   34.89
2048                   50.06
4096                   82.03
8192                  190.78
16384                 389.89
32768                 913.54
65536                2153.73
131072               7871.36
262144              15914.57
524288              27393.35
1048576             45552.79
2097152             80671.27
Flag 0
Flag 1
Flag 2
Flag 3
Flag 4
Flag 5

# OSU MPI Allgather Latency Test v5.6.2
# Size       Avg Latency(us)
1                      16.39
2                      14.39
4                      14.20
8                      14.42
16                     14.14
32                     15.90
64                     19.24
128                    27.71
256                    40.37
512                    41.78
1024                   34.93
2048                   50.47
4096                   82.53
8192                  190.65
16384                 389.90
32768                 909.68
65536                2163.74
131072               7927.16
262144              15959.19
524288              27374.58
1048576             45675.04
2097152             81377.12
Flag 0
Flag 1
Flag 2
Flag 3
Flag 4
Flag 5

# OSU MPI Allgather Latency Test v5.6.2
# Size       Avg Latency(us)
1                      16.32
2                      14.33
4                      14.14
8                      14.36
16                     14.14
32                     15.78
64                     19.14
128                    27.29
256                    39.53
512                    41.39
1024                   34.80
2048                   50.19
4096                   81.12
8192                  189.91
16384                 388.95
32768                 916.58
65536                2169.94
131072               7906.49
262144              15939.75
524288              27355.28
1048576             45816.86
2097152             81433.52
Flag 0
Flag 1
Flag 2
Flag 3
Flag 4
Flag 5

# OSU MPI Allgather Latency Test v5.6.2
# Size       Avg Latency(us)
1                      16.39
2                      14.31
4                      14.16
8                      14.37
16                     14.14
32                     15.83
64                     19.21
128                    27.41
256                    38.73
512                    40.99
1024                   34.87
2048                   49.91
4096                   81.65
8192                  190.69
16384                 387.56
32768                 908.23
65536                2150.49
131072               7878.17
262144              15861.86
524288              27384.56
1048576             46101.68
2097152             81834.22
