Flag 0
Flag 1
Flag 2
Flag 3
Flag 4
Flag 5

# OSU MPI Allgather Latency Test v5.6.2
# Size       Avg Latency(us)
1                      15.24
2                      13.34
4                      13.05
8                      13.30
16                     14.09
32                     15.65
64                     16.71
128                    18.29
256                    20.97
512                    25.95
1024                   32.98
2048                   49.75
4096                   83.86
8192                  211.35
16384                 453.33
32768                 885.19
65536                1729.09
131072               3439.18
262144               7332.89
524288              15520.95
1048576             32312.74
2097152             66004.91
Flag 0
Flag 1
Flag 2
Flag 3
Flag 4
Flag 5

# OSU MPI Allgather Latency Test v5.6.2
# Size       Avg Latency(us)
1                      15.17
2                      13.33
4                      13.03
8                      13.32
16                     14.03
32                     15.49
64                     16.74
128                    18.33
256                    20.95
512                    25.91
1024                   32.80
2048                   49.68
4096                   83.98
8192                  211.47
16384                 457.22
32768                 884.48
65536                1733.26
131072               3436.66
262144               7325.91
524288              15572.62
1048576             32356.91
2097152             66085.45
Flag 0
Flag 1
Flag 2
Flag 3
Flag 4
Flag 5

# OSU MPI Allgather Latency Test v5.6.2
# Size       Avg Latency(us)
1                      15.14
2                      13.32
4                      13.03
8                      13.32
16                     14.02
32                     15.53
64                     16.75
128                    18.33
256                    20.93
512                    25.75
1024                   32.73
2048                   49.57
4096                   83.69
8192                  210.56
16384                 455.58
32768                 883.39
65536                1728.71
131072               3422.19
262144               7336.13
524288              15618.27
1048576             32273.05
2097152             65981.75
Flag 0
Flag 1
Flag 2
Flag 3
Flag 4
Flag 5

# OSU MPI Allgather Latency Test v5.6.2
# Size       Avg Latency(us)
1                      15.16
2                      13.41
4                      13.23
8                      13.58
16                     13.91
32                     15.49
64                     16.76
128                    18.38
256                    21.08
512                    25.74
1024                   32.91
2048                   49.70
4096                   83.73
8192                  210.53
16384                 457.23
32768                 888.16
65536                1733.94
131072               3437.58
262144               7370.50
524288              15677.41
1048576             32437.52
2097152             66075.81
Flag 0
Flag 1
Flag 2
Flag 3
Flag 4
Flag 5

# OSU MPI Allgather Latency Test v5.6.2
# Size       Avg Latency(us)
1                      15.08
2                      13.37
4                      13.03
8                      13.32
16                     14.01
32                     15.50
64                     16.83
128                    18.56
256                    21.03
512                    25.80
1024                   33.06
2048                   49.69
4096                   83.86
8192                  210.77
16384                 456.66
32768                 882.75
65536                1733.47
131072               3442.12
262144               7345.12
524288              15579.69
1048576             32345.66
2097152             65986.44
Flag 0
Flag 1
Flag 2
Flag 3
Flag 4
Flag 5

# OSU MPI Allgather Latency Test v5.6.2
# Size       Avg Latency(us)
1                      15.15
2                      13.32
4                      13.06
8                      13.32
16                     13.96
32                     15.47
64                     16.67
128                    18.27
256                    20.93
512                    25.86
1024                   32.91
2048                   49.90
4096                   84.56
8192                  211.99
16384                 459.26
32768                 891.37
65536                1738.66
131072               3437.18
262144               7347.40
524288              15606.84
1048576             32442.59
2097152             66112.68
Flag 0
Flag 1
Flag 2
Flag 3
Flag 4
Flag 5

# OSU MPI Allgather Latency Test v5.6.2
# Size       Avg Latency(us)
1                      15.17
2                      13.33
4                      13.02
8                      13.34
16                     14.00
32                     15.48
64                     16.80
128                    18.35
256                    21.05
512                    25.87
1024                   33.15
2048                   49.63
4096                   83.65
8192                  210.60
16384                 456.31
32768                 885.32
65536                1731.95
131072               3437.72
262144               7364.40
524288              15599.84
1048576             32427.49
2097152             66060.05
Flag 0
Flag 1
Flag 2
Flag 3
Flag 4
Flag 5

# OSU MPI Allgather Latency Test v5.6.2
# Size       Avg Latency(us)
1                      15.23
2                      13.32
4                      13.05
8                      13.39
16                     13.95
32                     15.58
64                     16.83
128                    18.37
256                    21.05
512                    25.81
1024                   32.97
2048                   49.67
4096                   83.85
8192                  210.24
16384                 454.98
32768                 884.48
65536                1732.40
131072               3428.13
262144               7328.30
524288              15531.96
1048576             32246.25
2097152             65974.20
Flag 0
Flag 1
Flag 2
Flag 3
Flag 4
Flag 5

# OSU MPI Allgather Latency Test v5.6.2
# Size       Avg Latency(us)
1                      15.19
2                      13.29
4                      13.02
8                      13.33
16                     13.91
32                     15.40
64                     16.85
128                    18.36
256                    21.02
512                    25.86
1024                   32.99
2048                   49.85
4096                   83.92
8192                  210.96
16384                 456.29
32768                 886.73
65536                1736.30
131072               3465.43
262144               7377.79
524288              15686.97
1048576             32384.04
2097152             66056.10
Flag 0
Flag 1
Flag 2
Flag 3
Flag 4
Flag 5

# OSU MPI Allgather Latency Test v5.6.2
# Size       Avg Latency(us)
1                      15.17
2                      13.31
4                      13.01
8                      13.34
16                     13.99
32                     15.59
64                     16.89
128                    18.33
256                    21.07
512                    25.72
1024                   32.92
2048                   49.60
4096                   83.76
8192                  211.01
16384                 456.00
32768                 882.97
65536                1727.29
131072               3422.83
262144               7344.54
524288              15603.79
1048576             32347.01
2097152             65986.01
Flag 0
Flag 1
Flag 2
Flag 3
Flag 4
Flag 5

# OSU MPI Allgather Latency Test v5.6.2
# Size       Avg Latency(us)
1                      15.21
2                      13.30
4                      13.06
8                      13.30
16                     13.94
32                     15.51
64                     16.95
128                    18.33
256                    21.09
512                    25.99
1024                   33.11
2048                   49.71
4096                   84.18
8192                  211.26
16384                 456.67
32768                 886.56
65536                1737.32
131072               3442.96
262144               7338.69
524288              15571.35
1048576             32306.09
2097152             66006.48
Flag 0
Flag 1
Flag 2
Flag 3
Flag 4
Flag 5

# OSU MPI Allgather Latency Test v5.6.2
# Size       Avg Latency(us)
1                      15.19
2                      13.33
4                      13.03
8                      13.30
16                     14.00
32                     15.51
64                     16.92
128                    18.40
256                    20.99
512                    25.79
1024                   32.88
2048                   49.71
4096                   84.65
8192                  211.48
16384                 456.83
32768                 888.89
65536                1741.14
131072               3454.93
262144               7337.37
524288              15536.41
1048576             32292.97
2097152             65984.56
Flag 0
Flag 1
Flag 2
Flag 3
Flag 4
Flag 5

# OSU MPI Allgather Latency Test v5.6.2
# Size       Avg Latency(us)
1                      15.13
2                      13.32
4                      13.08
8                      13.32
16                     14.09
32                     15.47
64                     16.87
128                    18.33
256                    21.03
512                    25.80
1024                   32.88
2048                   49.89
4096                   84.19
8192                  211.59
16384                 456.44
32768                 887.00
65536                1734.31
131072               3460.21
262144               7420.08
524288              15615.59
1048576             32301.87
2097152             65958.75
Flag 0
Flag 1
Flag 2
Flag 3
Flag 4
Flag 5

# OSU MPI Allgather Latency Test v5.6.2
# Size       Avg Latency(us)
1                      15.15
2                      13.31
4                      13.06
8                      13.36
16                     13.94
32                     15.47
64                     16.78
128                    18.27
256                    20.92
512                    25.77
1024                   32.99
2048                   49.65
4096                   84.08
8192                  210.93
16384                 458.12
32768                 886.47
65536                1738.28
131072               3434.75
262144               7340.41
524288              15597.60
1048576             32413.04
2097152             66036.74
Flag 0
Flag 1
Flag 2
Flag 3
Flag 4
Flag 5

# OSU MPI Allgather Latency Test v5.6.2
# Size       Avg Latency(us)
1                      15.24
2                      13.32
4                      13.02
8                      13.35
16                     13.91
32                     15.42
64                     16.77
128                    18.28
256                    21.03
512                    25.84
1024                   32.72
2048                   49.54
4096                   83.79
8192                  210.75
16384                 455.97
32768                 882.44
65536                1729.75
131072               3419.12
262144               7332.56
524288              15652.93
1048576             32354.77
2097152             66021.37
