Flag 0
Flag 1
Flag 2
Flag 3
Flag 4
Flag 5

# OSU MPI Allgather Latency Test v5.6.2
# Size       Avg Latency(us)
1                      15.20
2                      13.07
4                      12.62
8                      13.41
16                     15.33
32                     17.37
64                     18.88
128                    21.61
256                    25.60
512                    27.77
1024                   40.54
2048                   63.19
4096                  132.09
8192                  318.10
16384                 695.37
32768                1408.10
65536                2730.61
131072               5502.47
262144              12140.42
524288              24627.90
1048576             49688.77
2097152            124451.99
Flag 0
Flag 1
Flag 2
Flag 3
Flag 4
Flag 5

# OSU MPI Allgather Latency Test v5.6.2
# Size       Avg Latency(us)
1                      15.19
2                      13.06
4                      12.56
8                      13.42
16                     15.27
32                     17.32
64                     18.85
128                    21.66
256                    25.63
512                    27.79
1024                   40.41
2048                   63.33
4096                  132.43
8192                  319.88
16384                 689.51
32768                1386.32
65536                2731.63
131072               5484.99
262144              12153.87
524288              24663.92
1048576             49658.21
2097152            124342.91
Flag 0
Flag 1
Flag 2
Flag 3
Flag 4
Flag 5

# OSU MPI Allgather Latency Test v5.6.2
# Size       Avg Latency(us)
1                      15.13
2                      13.11
4                      13.02
8                      13.39
16                     15.29
32                     17.33
64                     18.77
128                    21.49
256                    25.48
512                    27.81
1024                   40.68
2048                   63.19
4096                  132.02
8192                  319.23
16384                 693.50
32768                1396.60
65536                2738.60
131072               5497.28
262144              12180.33
524288              24638.93
1048576             49693.85
2097152            124414.03
Flag 0
Flag 1
Flag 2
Flag 3
Flag 4
Flag 5

# OSU MPI Allgather Latency Test v5.6.2
# Size       Avg Latency(us)
1                      15.15
2                      13.02
4                      12.42
8                      13.31
16                     15.28
32                     17.24
64                     18.82
128                    21.20
256                    25.52
512                    27.80
1024                   40.44
2048                   63.36
4096                  131.90
8192                  318.24
16384                 694.88
32768                1382.69
65536                2729.04
131072               5489.91
262144              12152.13
524288              24640.61
1048576             49693.17
2097152            124293.37
Flag 0
Flag 1
Flag 2
Flag 3
Flag 4
Flag 5

# OSU MPI Allgather Latency Test v5.6.2
# Size       Avg Latency(us)
1                      15.16
2                      12.99
4                      12.40
8                      13.32
16                     15.40
32                     17.30
64                     18.85
128                    21.28
256                    25.75
512                    27.82
1024                   40.19
2048                   63.30
4096                  132.59
8192                  319.43
16384                 696.71
32768                1397.57
65536                2730.91
131072               5507.56
262144              12139.68
524288              24648.22
1048576             49692.76
2097152            124378.73
Flag 0
Flag 1
Flag 2
Flag 3
Flag 4
Flag 5

# OSU MPI Allgather Latency Test v5.6.2
# Size       Avg Latency(us)
1                      15.10
2                      12.99
4                      12.40
8                      13.33
16                     15.21
32                     17.20
64                     18.75
128                    21.34
256                    25.54
512                    27.88
1024                   40.68
2048                   63.71
4096                  132.79
8192                  320.70
16384                 690.06
32768                1397.28
65536                2729.94
131072               5500.20
262144              12154.64
524288              24651.22
1048576             49657.71
2097152            124186.42
Flag 0
Flag 1
Flag 2
Flag 3
Flag 4
Flag 5

# OSU MPI Allgather Latency Test v5.6.2
# Size       Avg Latency(us)
1                      15.53
2                      13.17
4                      12.56
8                      13.67
16                     15.82
32                     17.80
64                     19.35
128                    21.72
256                    25.77
512                    27.91
1024                   40.25
2048                   63.41
4096                  131.91
8192                  318.50
16384                 699.40
32768                1398.92
65536                2733.13
131072               5552.86
262144              12216.74
524288              24726.39
1048576             49716.53
2097152            124468.92
Flag 0
Flag 1
Flag 2
Flag 3
Flag 4
Flag 5

# OSU MPI Allgather Latency Test v5.6.2
# Size       Avg Latency(us)
1                      15.16
2                      13.03
4                      12.49
8                      13.31
16                     15.28
32                     17.32
64                     19.00
128                    21.41
256                    25.54
512                    27.80
1024                   40.23
2048                   63.36
4096                  132.71
8192                  320.25
16384                 684.56
32768                1395.99
65536                2742.67
131072               5514.61
262144              12141.57
524288              24693.94
1048576             49699.13
2097152            124471.26
Flag 0
Flag 1
Flag 2
Flag 3
Flag 4
Flag 5

# OSU MPI Allgather Latency Test v5.6.2
# Size       Avg Latency(us)
1                      15.22
2                      13.04
4                      12.42
8                      13.36
16                     15.36
32                     17.36
64                     18.97
128                    21.30
256                    25.54
512                    27.64
1024                   40.54
2048                   63.29
4096                  132.41
8192                  319.10
16384                 681.98
32768                1400.65
65536                2724.78
131072               5497.40
262144              12191.13
524288              24681.83
1048576             49718.25
2097152            124465.82
Flag 0
Flag 1
Flag 2
Flag 3
Flag 4
Flag 5

# OSU MPI Allgather Latency Test v5.6.2
# Size       Avg Latency(us)
1                      15.10
2                      12.99
4                      12.41
8                      13.25
16                     15.25
32                     17.15
64                     18.95
128                    21.31
256                    25.78
512                    27.94
1024                   40.42
2048                   63.36
4096                  132.51
8192                  318.50
16384                 683.06
32768                1403.40
65536                2725.55
131072               5495.97
262144              12166.68
524288              24665.70
1048576             49638.80
2097152            124321.40
Flag 0
Flag 1
Flag 2
Flag 3
Flag 4
Flag 5

# OSU MPI Allgather Latency Test v5.6.2
# Size       Avg Latency(us)
1                      15.46
2                      13.18
4                      12.62
8                      13.49
16                     15.66
32                     17.91
64                     19.36
128                    21.97
256                    25.98
512                    27.96
1024                   40.53
2048                   63.33
4096                  132.39
8192                  319.80
16384                 693.75
32768                1411.49
65536                2740.96
131072               5531.13
262144              12179.18
524288              24641.93
1048576             49675.53
2097152            124257.37
Flag 0
Flag 1
Flag 2
Flag 3
Flag 4
Flag 5

# OSU MPI Allgather Latency Test v5.6.2
# Size       Avg Latency(us)
1                      15.14
2                      13.05
4                      12.54
8                      13.39
16                     15.29
32                     17.39
64                     18.87
128                    21.44
256                    25.66
512                    27.89
1024                   40.37
2048                   63.38
4096                  132.73
8192                  319.64
16384                 693.29
32768                1399.08
65536                2717.15
131072               5513.34
262144              12133.94
524288              24683.28
1048576             49694.31
2097152            124466.21
Flag 0
Flag 1
Flag 2
Flag 3
Flag 4
Flag 5

# OSU MPI Allgather Latency Test v5.6.2
# Size       Avg Latency(us)
1                      15.29
2                      13.11
4                      12.43
8                      13.27
16                     15.31
32                     17.33
64                     18.87
128                    21.42
256                    25.56
512                    27.90
1024                   40.57
2048                   63.46
4096                  132.43
8192                  320.28
16384                 693.59
32768                1401.01
65536                2727.42
131072               5488.15
262144              12114.75
524288              24629.05
1048576             49692.29
2097152            124260.45
Flag 0
Flag 1
Flag 2
Flag 3
Flag 4
Flag 5

# OSU MPI Allgather Latency Test v5.6.2
# Size       Avg Latency(us)
1                      15.16
2                      13.05
4                      12.42
8                      13.31
16                     15.31
32                     17.25
64                     18.95
128                    21.22
256                    25.60
512                    27.79
1024                   40.51
2048                   63.34
4096                  131.70
8192                  318.48
16384                 683.92
32768                1405.10
65536                2724.62
131072               5499.86
262144              12169.17
524288              24649.93
1048576             49660.33
2097152            124473.25
Flag 0
Flag 1
Flag 2
Flag 3
Flag 4
Flag 5

# OSU MPI Allgather Latency Test v5.6.2
# Size       Avg Latency(us)
1                      15.63
2                      13.26
4                      12.66
8                      13.67
16                     15.88
32                     18.40
64                     19.54
128                    22.00
256                    25.86
512                    27.95
1024                   40.37
2048                   63.53
4096                  132.48
8192                  319.42
16384                 691.22
32768                1404.47
65536                2731.81
131072               5509.02
262144              12172.83
524288              24655.50
1048576             49700.76
2097152            124301.80
