Flag 0
Flag 1
Flag 2
Flag 3
Flag 4
Flag 5

# OSU MPI Allgather Latency Test v5.6.2
# Size       Avg Latency(us)
1                      16.12
2                      14.11
4                      14.57
8                      15.93
16                     17.37
32                     19.01
64                     22.35
128                    28.12
256                    45.80
512                    72.50
1024                  128.90
2048                  344.73
4096                  493.15
8192                 1000.30
16384                1929.89
32768                3319.47
65536                6350.14
131072              12537.59
262144              24983.57
524288              49972.88
1048576             99916.71
2097152            199852.21
Flag 0
Flag 1
Flag 2
Flag 3
Flag 4
Flag 5

# OSU MPI Allgather Latency Test v5.6.2
# Size       Avg Latency(us)
1                      16.19
2                      14.10
4                      14.59
8                      15.95
16                     17.35
32                     18.98
64                     22.32
128                    28.18
256                    45.93
512                    72.59
1024                  128.96
2048                  345.98
4096                  492.54
8192                  972.91
16384                1921.89
32768                3301.46
65536                6343.25
131072              12533.30
262144              24986.62
524288              49967.78
1048576             99905.08
2097152            199843.42
Flag 0
Flag 1
Flag 2
Flag 3
Flag 4
Flag 5

# OSU MPI Allgather Latency Test v5.6.2
# Size       Avg Latency(us)
1                      16.12
2                      14.09
4                      14.65
8                      15.96
16                     17.43
32                     19.01
64                     22.35
128                    28.18
256                    45.86
512                    72.61
1024                  128.91
2048                  345.51
4096                  492.78
8192                  978.73
16384                1916.49
32768                3309.49
65536                6355.04
131072              12534.30
262144              24991.31
524288              49972.30
1048576             99914.08
2097152            199849.52
Flag 0
Flag 1
Flag 2
Flag 3
Flag 4
Flag 5

# OSU MPI Allgather Latency Test v5.6.2
# Size       Avg Latency(us)
1                      16.12
2                      14.08
4                      14.62
8                      15.99
16                     17.41
32                     19.02
64                     22.35
128                    28.17
256                    45.89
512                    72.63
1024                  128.94
2048                  346.82
4096                  493.25
8192                  974.49
16384                1921.61
32768                3327.68
65536                6348.45
131072              12535.54
262144              24987.74
524288              49967.76
1048576             99909.86
2097152            199830.32
Flag 0
Flag 1
Flag 2
Flag 3
Flag 4
Flag 5

# OSU MPI Allgather Latency Test v5.6.2
# Size       Avg Latency(us)
1                      16.22
2                      14.12
4                      14.61
8                      15.95
16                     17.48
32                     19.10
64                     22.35
128                    28.18
256                    45.85
512                    72.53
1024                  128.82
2048                  345.23
4096                  494.03
8192                  974.84
16384                1914.44
32768                3316.63
65536                6350.00
131072              12533.99
262144              24986.05
524288              49967.45
1048576             99915.87
2097152            199862.76
Flag 0
Flag 1
Flag 2
Flag 3
Flag 4
Flag 5

# OSU MPI Allgather Latency Test v5.6.2
# Size       Avg Latency(us)
1                      16.35
2                      14.18
4                      14.66
8                      15.99
16                     17.39
32                     19.10
64                     22.37
128                    28.21
256                    45.92
512                    72.47
1024                  129.20
2048                  344.17
4096                  489.56
8192                  963.38
16384                1921.79
32768                3313.94
65536                6349.54
131072              12530.82
262144              24990.55
524288              49960.44
1048576             99912.15
2097152            199857.15
Flag 0
Flag 1
Flag 2
Flag 3
Flag 4
Flag 5

# OSU MPI Allgather Latency Test v5.6.2
# Size       Avg Latency(us)
1                      16.18
2                      14.07
4                      14.60
8                      15.98
16                     17.37
32                     18.99
64                     22.32
128                    28.14
256                    45.86
512                    72.52
1024                  128.99
2048                  348.16
4096                  493.55
8192                  990.22
16384                1919.48
32768                3313.62
65536                6352.42
131072              12533.78
262144              24985.53
524288              49965.88
1048576             99929.68
2097152            199850.35
Flag 0
Flag 1
Flag 2
Flag 3
Flag 4
Flag 5

# OSU MPI Allgather Latency Test v5.6.2
# Size       Avg Latency(us)
1                      16.19
2                      14.10
4                      14.65
8                      15.92
16                     17.46
32                     19.11
64                     22.33
128                    28.19
256                    45.86
512                    72.52
1024                  128.72
2048                  345.01
4096                  491.07
8192                  964.66
16384                1926.92
32768                3313.40
65536                6351.88
131072              12530.51
262144              24992.29
524288              49968.94
1048576             99937.08
2097152            199879.23
Flag 0
Flag 1
Flag 2
Flag 3
Flag 4
Flag 5

# OSU MPI Allgather Latency Test v5.6.2
# Size       Avg Latency(us)
1                      16.14
2                      14.11
4                      14.58
8                      15.89
16                     17.40
32                     19.01
64                     22.34
128                    28.14
256                    45.80
512                    72.46
1024                  128.81
2048                  344.81
4096                  487.85
8192                  954.95
16384                1915.55
32768                3300.63
65536                6350.79
131072              12531.97
262144              24993.63
524288              49967.47
1048576             99923.25
2097152            199877.11
Flag 0
Flag 1
Flag 2
Flag 3
Flag 4
Flag 5

# OSU MPI Allgather Latency Test v5.6.2
# Size       Avg Latency(us)
1                      16.11
2                      14.10
4                      14.57
8                      15.90
16                     17.33
32                     19.01
64                     22.29
128                    28.15
256                    45.85
512                    72.56
1024                  128.83
2048                  345.75
4096                  491.95
8192                  974.39
16384                1921.14
32768                3328.35
65536                6351.54
131072              12534.76
262144              24992.09
524288              49966.04
1048576             99911.85
2097152            199821.54
Flag 0
Flag 1
Flag 2
Flag 3
Flag 4
Flag 5

# OSU MPI Allgather Latency Test v5.6.2
# Size       Avg Latency(us)
1                      16.20
2                      14.08
4                      14.60
8                      15.90
16                     17.38
32                     19.05
64                     22.36
128                    28.16
256                    45.81
512                    72.61
1024                  128.75
2048                  345.24
4096                  490.51
8192                  969.47
16384                1917.59
32768                3316.60
65536                6367.73
131072              12532.38
262144              24990.22
524288              49969.81
1048576             99941.52
2097152            199883.48
Flag 0
Flag 1
Flag 2
Flag 3
Flag 4
Flag 5

# OSU MPI Allgather Latency Test v5.6.2
# Size       Avg Latency(us)
1                      16.26
2                      14.18
4                      14.62
8                      15.97
16                     17.50
32                     19.11
64                     22.29
128                    28.16
256                    45.79
512                    72.52
1024                  128.85
2048                  345.57
4096                  490.15
8192                  984.45
16384                1913.44
32768                3301.27
65536                6351.15
131072              12536.19
262144              24987.84
524288              49966.36
1048576             99913.48
2097152            199839.28
Flag 0
Flag 1
Flag 2
Flag 3
Flag 4
Flag 5

# OSU MPI Allgather Latency Test v5.6.2
# Size       Avg Latency(us)
1                      16.05
2                      14.05
4                      14.58
8                      15.96
16                     17.41
32                     19.00
64                     22.38
128                    28.12
256                    45.80
512                    72.45
1024                  128.76
2048                  345.45
4096                  493.50
8192                  971.95
16384                1921.86
32768                3310.98
65536                6349.73
131072              12531.08
262144              24990.59
524288              49965.62
1048576             99929.35
2097152            199861.74
Flag 0
Flag 1
Flag 2
Flag 3
Flag 4
Flag 5

# OSU MPI Allgather Latency Test v5.6.2
# Size       Avg Latency(us)
1                      16.06
2                      14.09
4                      14.53
8                      15.87
16                     17.32
32                     18.99
64                     22.36
128                    28.17
256                    45.90
512                    72.52
1024                  128.72
2048                  345.18
4096                  489.08
8192                  965.92
16384                1912.97
32768                3306.48
65536                6352.50
131072              12531.21
262144              24989.94
524288              49971.69
1048576             99895.73
2097152            199830.52
Flag 0
Flag 1
Flag 2
Flag 3
Flag 4
Flag 5

# OSU MPI Allgather Latency Test v5.6.2
# Size       Avg Latency(us)
1                      16.12
2                      14.13
4                      14.62
8                      15.94
16                     17.37
32                     19.00
64                     22.34
128                    28.24
256                    45.81
512                    72.43
1024                  129.01
2048                  344.45
4096                  489.41
8192                  971.43
16384                1915.06
32768                3322.65
65536                6362.29
131072              12529.76
262144              24983.75
524288              49965.99
1048576             99914.85
2097152            199875.34
