Flag 0
Flag 1
Flag 2
Flag 3
Flag 4
Flag 5

# OSU MPI Allgather Latency Test v5.6.2
# Size       Avg Latency(us)
1                      16.20
2                      11.25
4                      10.75
8                      12.18
16                     17.74
32                     19.36
64                     22.74
128                    26.02
256                    47.89
512                    76.98
1024                  139.21
2048                  109.01
4096                  154.36
8192                  261.95
16384                 983.88
32768                1527.11
65536                3021.22
131072               5643.29
262144              11057.21
524288              22201.86
1048576             45717.61
2097152             92477.03
Flag 0
Flag 1
Flag 2
Flag 3
Flag 4
Flag 5

# OSU MPI Allgather Latency Test v5.6.2
# Size       Avg Latency(us)
1                      16.34
2                      11.28
4                      10.76
8                      12.20
16                     17.71
32                     19.33
64                     22.78
128                    25.97
256                    47.78
512                    76.84
1024                  139.03
2048                  108.86
4096                  154.62
8192                  264.21
16384                 983.33
32768                1586.87
65536                3007.12
131072               5643.83
262144              11164.53
524288              22303.75
1048576             45593.34
2097152             92476.22
Flag 0
Flag 1
Flag 2
Flag 3
Flag 4
Flag 5

# OSU MPI Allgather Latency Test v5.6.2
# Size       Avg Latency(us)
1                      16.22
2                      11.27
4                      10.69
8                      12.19
16                     17.74
32                     19.38
64                     22.76
128                    26.02
256                    47.98
512                    76.86
1024                  139.28
2048                  109.37
4096                  155.00
8192                  264.01
16384                 988.39
32768                1596.12
65536                3000.48
131072               5645.37
262144              11078.82
524288              22084.38
1048576             45652.77
2097152             92245.88
Flag 0
Flag 1
Flag 2
Flag 3
Flag 4
Flag 5

# OSU MPI Allgather Latency Test v5.6.2
# Size       Avg Latency(us)
1                      16.21
2                      11.29
4                      10.73
8                      12.27
16                     17.71
32                     19.34
64                     22.79
128                    26.12
256                    47.89
512                    76.88
1024                  139.02
2048                  113.78
4096                  155.37
8192                  261.51
16384                 995.11
32768                1571.91
65536                3014.28
131072               5619.54
262144              11114.04
524288              22282.15
1048576             45514.10
2097152             92568.13
Flag 0
Flag 1
Flag 2
Flag 3
Flag 4
Flag 5

# OSU MPI Allgather Latency Test v5.6.2
# Size       Avg Latency(us)
1                      16.22
2                      11.25
4                      10.80
8                      12.24
16                     17.74
32                     19.38
64                     22.78
128                    25.96
256                    47.78
512                    76.73
1024                  139.06
2048                  108.90
4096                  154.46
8192                  263.24
16384                 979.19
32768                1597.92
65536                3009.04
131072               5689.37
262144              11168.02
524288              22239.42
1048576             45523.83
2097152             92350.65
Flag 0
Flag 1
Flag 2
Flag 3
Flag 4
Flag 5

# OSU MPI Allgather Latency Test v5.6.2
# Size       Avg Latency(us)
1                      16.14
2                      11.21
4                      10.76
8                      12.24
16                     17.69
32                     19.37
64                     22.76
128                    25.99
256                    47.84
512                    76.98
1024                  139.10
2048                  108.73
4096                  154.36
8192                  263.54
16384                 989.59
32768                1585.89
65536                3023.15
131072               5657.90
262144              11063.10
524288              22221.63
1048576             45643.73
2097152             92482.50
Flag 0
Flag 1
Flag 2
Flag 3
Flag 4
Flag 5

# OSU MPI Allgather Latency Test v5.6.2
# Size       Avg Latency(us)
1                      16.21
2                      11.28
4                      10.81
8                      12.22
16                     17.77
32                     19.39
64                     22.77
128                    25.95
256                    47.74
512                    76.85
1024                  139.10
2048                  108.78
4096                  154.35
8192                  262.39
16384                 981.13
32768                1517.23
65536                2997.63
131072               5664.95
262144              11079.23
524288              22135.12
1048576             45694.75
2097152             92378.39
Flag 0
Flag 1
Flag 2
Flag 3
Flag 4
Flag 5

# OSU MPI Allgather Latency Test v5.6.2
# Size       Avg Latency(us)
1                      16.24
2                      11.32
4                      10.71
8                      12.21
16                     17.80
32                     19.39
64                     22.75
128                    26.00
256                    47.81
512                    76.74
1024                  139.05
2048                  109.14
4096                  154.48
8192                  262.47
16384                 984.22
32768                1579.86
65536                3001.55
131072               5628.86
262144              11080.20
524288              22305.98
1048576             45620.15
2097152             92493.09
Flag 0
Flag 1
Flag 2
Flag 3
Flag 4
Flag 5

# OSU MPI Allgather Latency Test v5.6.2
# Size       Avg Latency(us)
1                      16.25
2                      11.25
4                      10.70
8                      12.18
16                     17.76
32                     19.48
64                     22.80
128                    25.94
256                    47.76
512                    76.96
1024                  139.13
2048                  108.93
4096                  154.44
8192                  261.87
16384                 993.36
32768                1564.45
65536                3002.37
131072               5639.84
262144              11076.17
524288              22264.87
1048576             45544.01
2097152             92521.68
Flag 0
Flag 1
Flag 2
Flag 3
Flag 4
Flag 5

# OSU MPI Allgather Latency Test v5.6.2
# Size       Avg Latency(us)
1                      16.14
2                      11.36
4                      10.73
8                      12.19
16                     17.83
32                     19.44
64                     22.82
128                    26.02
256                    47.73
512                    76.81
1024                  139.00
2048                  109.01
4096                  154.60
8192                  262.74
16384                 998.51
32768                1575.88
65536                3011.26
131072               5625.39
262144              11114.17
524288              22292.91
1048576             45525.18
2097152             92459.93
Flag 0
Flag 1
Flag 2
Flag 3
Flag 4
Flag 5

# OSU MPI Allgather Latency Test v5.6.2
# Size       Avg Latency(us)
1                      16.19
2                      11.31
4                      10.74
8                      12.26
16                     17.79
32                     19.47
64                     22.79
128                    26.05
256                    47.92
512                    76.94
1024                  138.81
2048                  109.32
4096                  154.86
8192                  263.53
16384                1002.85
32768                1602.52
65536                3012.02
131072               5647.56
262144              11039.27
524288              22247.55
1048576             45654.70
2097152             92256.58
Flag 0
Flag 1
Flag 2
Flag 3
Flag 4
Flag 5

# OSU MPI Allgather Latency Test v5.6.2
# Size       Avg Latency(us)
1                      16.29
2                      11.26
4                      10.82
8                      12.27
16                     17.82
32                     19.44
64                     22.79
128                    26.00
256                    47.87
512                    76.98
1024                  138.94
2048                  109.05
4096                  154.73
8192                  262.96
16384                 993.02
32768                1630.26
65536                3022.78
131072               5663.67
262144              11128.14
524288              22233.67
1048576             45642.16
2097152             92388.02
Flag 0
Flag 1
Flag 2
Flag 3
Flag 4
Flag 5

# OSU MPI Allgather Latency Test v5.6.2
# Size       Avg Latency(us)
1                      16.16
2                      11.22
4                      10.73
8                      12.19
16                     17.73
32                     19.39
64                     22.76
128                    25.90
256                    47.91
512                    76.86
1024                  138.93
2048                  109.03
4096                  154.46
8192                  262.31
16384                 983.76
32768                1550.57
65536                3014.23
131072               5639.62
262144              11090.05
524288              22230.64
1048576             45704.61
2097152             92378.18
Flag 0
Flag 1
Flag 2
Flag 3
Flag 4
Flag 5

# OSU MPI Allgather Latency Test v5.6.2
# Size       Avg Latency(us)
1                      16.30
2                      11.28
4                      10.72
8                      12.26
16                     17.70
32                     19.34
64                     22.79
128                    25.94
256                    47.83
512                    76.83
1024                  139.15
2048                  111.27
4096                  154.66
8192                  263.05
16384                 991.71
32768                1616.48
65536                2994.82
131072               5662.03
262144              11095.74
524288              22261.25
1048576             45535.99
2097152             92434.30
Flag 0
Flag 1
Flag 2
Flag 3
Flag 4
Flag 5

# OSU MPI Allgather Latency Test v5.6.2
# Size       Avg Latency(us)
1                      16.29
2                      11.25
4                      10.68
8                      12.22
16                     17.78
32                     19.43
64                     22.82
128                    25.99
256                    47.76
512                    76.92
1024                  139.02
2048                  108.86
4096                  154.36
8192                  262.54
16384                 995.65
32768                1601.70
65536                3010.31
131072               5651.35
262144              11054.43
524288              22221.83
1048576             45617.28
2097152             92493.99
