Flag 0
Flag 1
Flag 2
Flag 3
Flag 4
Flag 5

# OSU MPI Allgather Latency Test v5.6.2
# Size       Avg Latency(us)
1                       8.97
2                       8.24
4                       9.36
8                      10.44
16                     11.74
32                     10.62
64                     12.59
128                    15.93
256                    21.99
512                    31.41
1024                   57.62
2048                  107.91
4096                  227.34
8192                  432.17
16384                1613.76
32768                2527.56
65536                4227.07
131072               8129.48
262144              15862.92
524288              31963.43
1048576             66103.39
2097152            169382.06
Flag 0
Flag 1
Flag 2
Flag 3
Flag 4
Flag 5

# OSU MPI Allgather Latency Test v5.6.2
# Size       Avg Latency(us)
1                       9.01
2                       8.26
4                       9.41
8                      10.46
16                     11.84
32                     10.48
64                     12.53
128                    15.93
256                    21.94
512                    31.50
1024                   57.61
2048                  107.60
4096                  227.58
8192                  417.64
16384                1602.80
32768                2554.47
65536                4237.25
131072               8139.52
262144              15903.04
524288              32043.79
1048576             66154.54
2097152            169362.12
Flag 0
Flag 1
Flag 2
Flag 3
Flag 4
Flag 5

# OSU MPI Allgather Latency Test v5.6.2
# Size       Avg Latency(us)
1                       9.14
2                       8.21
4                       9.28
8                      10.46
16                     11.75
32                     10.92
64                     12.78
128                    16.00
256                    21.85
512                    31.46
1024                   56.98
2048                  107.74
4096                  226.69
8192                  423.44
16384                1590.68
32768                2520.48
65536                4226.57
131072               8145.20
262144              15890.38
524288              31983.25
1048576             66116.49
2097152            169541.50
Flag 0
Flag 1
Flag 2
Flag 3
Flag 4
Flag 5

# OSU MPI Allgather Latency Test v5.6.2
# Size       Avg Latency(us)
1                       9.06
2                       8.25
4                       9.28
8                      10.47
16                     11.87
32                     12.08
64                     13.75
128                    16.53
256                    22.09
512                    31.35
1024                   57.11
2048                  107.61
4096                  226.29
8192                  414.43
16384                1613.65
32768                2459.57
65536                4224.42
131072               8132.28
262144              15863.69
524288              32006.94
1048576             66056.93
2097152            169464.08
Flag 0
Flag 1
Flag 2
Flag 3
Flag 4
Flag 5

# OSU MPI Allgather Latency Test v5.6.2
# Size       Avg Latency(us)
1                       9.42
2                       9.60
4                       9.44
8                      10.58
16                     11.90
32                     12.58
64                     14.36
128                    17.07
256                    22.51
512                    31.55
1024                   57.31
2048                  107.90
4096                  226.82
8192                  416.84
16384                1611.01
32768                2534.30
65536                4226.85
131072               8147.63
262144              15857.38
524288              31961.58
1048576             66071.65
2097152            169448.50
Flag 0
Flag 1
Flag 2
Flag 3
Flag 4
Flag 5

# OSU MPI Allgather Latency Test v5.6.2
# Size       Avg Latency(us)
1                       9.03
2                       8.22
4                       9.26
8                      10.77
16                     11.84
32                     10.79
64                     12.70
128                    16.09
256                    21.91
512                    31.33
1024                   57.00
2048                  107.54
4096                  226.21
8192                  413.06
16384                1586.34
32768                2474.89
65536                4233.63
131072               8093.72
262144              15937.40
524288              31986.02
1048576             66123.53
2097152            169911.30
Flag 0
Flag 1
Flag 2
Flag 3
Flag 4
Flag 5

# OSU MPI Allgather Latency Test v5.6.2
# Size       Avg Latency(us)
1                       8.86
2                       8.20
4                       9.34
8                      10.57
16                     11.74
32                     10.18
64                     12.18
128                    15.69
256                    21.96
512                    31.52
1024                   57.56
2048                  107.43
4096                  227.59
8192                  410.72
16384                1594.94
32768                2452.92
65536                4219.86
131072               8123.16
262144              15865.58
524288              32078.08
1048576             66142.51
2097152            169676.58
Flag 0
Flag 1
Flag 2
Flag 3
Flag 4
Flag 5

# OSU MPI Allgather Latency Test v5.6.2
# Size       Avg Latency(us)
1                       8.79
2                       8.20
4                       9.23
8                      10.70
16                     11.79
32                     10.38
64                     12.42
128                    15.77
256                    21.82
512                    31.38
1024                   57.01
2048                  107.48
4096                  227.83
8192                  417.86
16384                1603.31
32768                2563.05
65536                4228.13
131072               8139.98
262144              15916.94
524288              32020.87
1048576             66079.67
2097152            169285.38
Flag 0
Flag 1
Flag 2
Flag 3
Flag 4
Flag 5

# OSU MPI Allgather Latency Test v5.6.2
# Size       Avg Latency(us)
1                       8.90
2                       8.14
4                       9.24
8                      10.48
16                     11.76
32                     10.14
64                     12.23
128                    15.83
256                    21.78
512                    31.37
1024                   57.18
2048                  107.33
4096                  228.04
8192                  411.69
16384                1588.28
32768                2476.82
65536                4233.45
131072               8134.84
262144              15919.94
524288              32084.40
1048576             66058.94
2097152            169767.35
Flag 0
Flag 1
Flag 2
Flag 3
Flag 4
Flag 5

# OSU MPI Allgather Latency Test v5.6.2
# Size       Avg Latency(us)
1                       9.06
2                       8.47
4                       9.42
8                      10.70
16                     12.01
32                     10.85
64                     12.96
128                    16.08
256                    21.99
512                    31.21
1024                   56.91
2048                  107.55
4096                  227.14
8192                  415.38
16384                1579.07
32768                2524.80
65536                4239.60
131072               8232.35
262144              15895.02
524288              31991.20
1048576             66195.72
2097152            169653.13
Flag 0
Flag 1
Flag 2
Flag 3
Flag 4
Flag 5

# OSU MPI Allgather Latency Test v5.6.2
# Size       Avg Latency(us)
1                       9.05
2                       8.27
4                       9.27
8                      10.52
16                     11.78
32                     10.78
64                     12.75
128                    15.95
256                    21.93
512                    31.49
1024                   56.98
2048                  107.66
4096                  225.79
8192                  421.81
16384                1601.02
32768                2492.50
65536                4231.05
131072               8126.03
262144              15922.15
524288              32034.27
1048576             66114.04
2097152            169512.61
Flag 0
Flag 1
Flag 2
Flag 3
Flag 4
Flag 5

# OSU MPI Allgather Latency Test v5.6.2
# Size       Avg Latency(us)
1                       8.84
2                       8.20
4                       9.23
8                      10.47
16                     11.79
32                     11.02
64                     12.95
128                    16.07
256                    21.86
512                    31.36
1024                   57.11
2048                  107.51
4096                  226.01
8192                  414.53
16384                1572.54
32768                2496.68
65536                4226.37
131072               8132.45
262144              15921.83
524288              32065.42
1048576             66078.43
2097152            169763.06
Flag 0
Flag 1
Flag 2
Flag 3
Flag 4
Flag 5

# OSU MPI Allgather Latency Test v5.6.2
# Size       Avg Latency(us)
1                       9.08
2                       8.23
4                       9.27
8                      10.47
16                     11.89
32                     11.10
64                     13.18
128                    16.23
256                    22.09
512                    31.35
1024                   57.07
2048                  107.69
4096                  227.03
8192                  416.52
16384                1561.38
32768                2479.19
65536                4234.00
131072               8152.07
262144              15824.09
524288              32044.69
1048576             66108.85
2097152            169370.66
Flag 0
Flag 1
Flag 2
Flag 3
Flag 4
Flag 5

# OSU MPI Allgather Latency Test v5.6.2
# Size       Avg Latency(us)
1                       8.94
2                       8.19
4                       9.34
8                      10.43
16                     11.76
32                     10.53
64                     12.71
128                    15.86
256                    21.84
512                    31.42
1024                   56.99
2048                  107.59
4096                  226.21
8192                  414.17
16384                1578.61
32768                2479.29
65536                4228.87
131072               8130.30
262144              15879.09
524288              31966.69
1048576             66080.34
2097152            169833.29
Flag 0
Flag 1
Flag 2
Flag 3
Flag 4
Flag 5

# OSU MPI Allgather Latency Test v5.6.2
# Size       Avg Latency(us)
1                       9.07
2                       8.51
4                       9.49
8                      10.65
16                     11.95
32                     10.75
64                     12.83
128                    15.95
256                    21.88
512                    31.31
1024                   57.09
2048                  107.85
4096                  227.87
8192                  421.77
16384                1584.53
32768                2456.22
65536                4236.48
131072               8134.84
262144              15916.70
524288              31999.87
1048576             66173.77
2097152            169756.12
