Flag 0
Flag 1
Flag 2
Flag 3
Flag 4
Flag 5

# OSU MPI Allgather Latency Test v5.6.2
# Size       Avg Latency(us)
1                      16.04
2                      13.92
4                      14.11
8                      14.31
16                     14.84
32                     15.85
64                     17.66
128                    20.97
256                    24.66
512                    32.78
1024                   56.31
2048                   99.52
4096                 1135.89
8192                 1869.37
16384                4664.67
32768                8908.42
65536               16449.83
131072              27945.98
262144              54086.41
524288             120261.01
1048576            258629.60
2097152            470395.73
Flag 0
Flag 1
Flag 2
Flag 3
Flag 4
Flag 5

# OSU MPI Allgather Latency Test v5.6.2
# Size       Avg Latency(us)
1                      13.95
2                      12.70
4                      12.65
8                      13.29
16                     13.78
32                     14.84
64                     16.67
128                    19.83
256                    24.59
512                    32.93
1024                   56.41
2048                   99.04
4096                 1136.72
8192                 1850.55
16384                4646.14
32768                8904.00
65536               16528.42
131072              28137.67
262144              54605.48
524288             120223.76
1048576            258219.91
2097152            469473.38
Flag 0
Flag 1
Flag 2
Flag 3
Flag 4
Flag 5

# OSU MPI Allgather Latency Test v5.6.2
# Size       Avg Latency(us)
1                      13.83
2                      12.69
4                      12.66
8                      13.15
16                     13.82
32                     14.76
64                     16.69
128                    19.91
256                    24.51
512                    32.72
1024                   56.68
2048                   99.62
4096                 1137.69
8192                 1839.92
16384                4671.35
32768                8915.01
65536               16465.97
131072              28123.79
262144              54439.75
524288             120229.90
1048576            259331.70
2097152            471833.23
Flag 0
Flag 1
Flag 2
Flag 3
Flag 4
Flag 5

# OSU MPI Allgather Latency Test v5.6.2
# Size       Avg Latency(us)
1                      16.68
2                      14.65
4                      14.96
8                      15.72
16                     15.74
32                     16.72
64                     18.68
128                    21.18
256                    24.86
512                    32.92
1024                   56.29
2048                   99.46
4096                 1134.17
8192                 1846.17
16384                4672.10
32768                8884.72
65536               16317.74
131072              27797.52
262144              53736.09
524288             118950.78
1048576            258707.19
2097152            471675.46
Flag 0
Flag 1
Flag 2
Flag 3
Flag 4
Flag 5

# OSU MPI Allgather Latency Test v5.6.2
# Size       Avg Latency(us)
1                      13.82
2                      12.62
4                      12.57
8                      13.24
16                     13.62
32                     14.69
64                     16.61
128                    19.79
256                    24.53
512                    32.80
1024                   56.36
2048                   99.32
4096                 1142.51
8192                 1856.26
16384                4658.84
32768                8909.90
65536               16515.37
131072              28236.26
262144              54400.90
524288             121164.14
1048576            259400.66
2097152            471351.74
Flag 0
Flag 1
Flag 2
Flag 3
Flag 4
Flag 5

# OSU MPI Allgather Latency Test v5.6.2
# Size       Avg Latency(us)
1                      13.66
2                      12.57
4                      12.56
8                      13.02
16                     13.61
32                     14.58
64                     16.50
128                    20.11
256                    24.56
512                    32.73
1024                   56.25
2048                   99.10
4096                 1139.29
8192                 1852.92
16384                4655.96
32768                8796.73
65536               16349.64
131072              27874.31
262144              54306.63
524288             120448.55
1048576            259256.51
2097152            470347.33
Flag 0
Flag 1
Flag 2
Flag 3
Flag 4
Flag 5

# OSU MPI Allgather Latency Test v5.6.2
# Size       Avg Latency(us)
1                      14.11
2                      12.76
4                      12.74
8                      13.32
16                     13.78
32                     14.74
64                     16.51
128                    19.89
256                    24.56
512                    32.76
1024                   56.50
2048                   99.36
4096                 1142.78
8192                 1859.29
16384                4669.20
32768                8905.02
65536               16420.14
131072              27917.13
262144              53840.72
524288             119324.03
1048576            258442.44
2097152            470305.45
Flag 0
Flag 1
Flag 2
Flag 3
Flag 4
Flag 5

# OSU MPI Allgather Latency Test v5.6.2
# Size       Avg Latency(us)
1                      13.38
2                      12.29
4                      12.40
8                      12.83
16                     13.46
32                     14.36
64                     16.30
128                    19.63
256                    24.48
512                    32.73
1024                   56.24
2048                   99.02
4096                 1135.04
8192                 1855.44
16384                4665.60
32768                8892.20
65536               16500.25
131072              28083.40
262144              54554.61
524288             120064.90
1048576            258310.21
2097152            471366.89
Flag 0
Flag 1
Flag 2
Flag 3
Flag 4
Flag 5

# OSU MPI Allgather Latency Test v5.6.2
# Size       Avg Latency(us)
1                      13.75
2                      12.45
4                      12.57
8                      12.98
16                     13.58
32                     14.99
64                     16.36
128                    19.70
256                    24.63
512                    32.78
1024                   56.44
2048                   99.44
4096                 1139.16
8192                 1842.69
16384                4658.00
32768                8908.50
65536               16523.59
131072              28305.48
262144              54867.06
524288             120116.45
1048576            257822.71
2097152            466992.10
Flag 0
Flag 1
Flag 2
Flag 3
Flag 4
Flag 5

# OSU MPI Allgather Latency Test v5.6.2
# Size       Avg Latency(us)
1                      13.70
2                      12.43
4                      12.53
8                      12.96
16                     13.56
32                     14.56
64                     16.37
128                    19.72
256                    24.44
512                    32.72
1024                   56.44
2048                   99.15
4096                 1140.43
8192                 1859.51
16384                4673.10
32768                8899.24
65536               16510.31
131072              28105.62
262144              54134.85
524288             120173.20
1048576            258848.41
2097152            471277.12
Flag 0
Flag 1
Flag 2
Flag 3
Flag 4
Flag 5

# OSU MPI Allgather Latency Test v5.6.2
# Size       Avg Latency(us)
1                      13.27
2                      12.32
4                      12.29
8                      13.04
16                     13.29
32                     14.27
64                     16.22
128                    19.51
256                    24.48
512                    32.90
1024                   56.23
2048                   99.16
4096                 1145.83
8192                 1851.49
16384                4677.83
32768                8892.89
65536               16515.78
131072              28074.00
262144              54300.76
524288             120850.51
1048576            259752.56
2097152            469867.35
Flag 0
Flag 1
Flag 2
Flag 3
Flag 4
Flag 5

# OSU MPI Allgather Latency Test v5.6.2
# Size       Avg Latency(us)
1                      13.42
2                      12.39
4                      12.53
8                      13.14
16                     13.45
32                     14.47
64                     16.39
128                    19.61
256                    24.59
512                    32.79
1024                   56.75
2048                   99.42
4096                 1151.04
8192                 1875.27
16384                4683.93
32768                8899.96
65536               16462.35
131072              28011.13
262144              54393.67
524288             120291.98
1048576            259199.96
2097152            469786.71
Flag 0
Flag 1
Flag 2
Flag 3
Flag 4
Flag 5

# OSU MPI Allgather Latency Test v5.6.2
# Size       Avg Latency(us)
1                      13.91
2                      12.59
4                      12.64
8                      13.02
16                     13.77
32                     14.32
64                     16.29
128                    19.60
256                    24.65
512                    33.24
1024                   56.63
2048                   99.81
4096                 1148.27
8192                 1863.97
16384                4679.13
32768                8933.73
65536               16453.03
131072              28054.54
262144              53978.60
524288             120199.18
1048576            258289.00
2097152            470066.17
Flag 0
Flag 1
Flag 2
Flag 3
Flag 4
Flag 5

# OSU MPI Allgather Latency Test v5.6.2
# Size       Avg Latency(us)
1                      13.76
2                      12.28
4                      12.37
8                      12.82
16                     13.53
32                     14.51
64                     16.76
128                    19.63
256                    24.47
512                    32.84
1024                   56.69
2048                  100.06
4096                 1138.22
8192                 1862.51
16384                4669.06
32768                8864.56
65536               16289.76
131072              27827.67
262144              53414.28
524288             118999.29
1048576            258204.29
2097152            469746.63
Flag 0
Flag 1
Flag 2
Flag 3
Flag 4
Flag 5

# OSU MPI Allgather Latency Test v5.6.2
# Size       Avg Latency(us)
1                      13.91
2                      12.55
4                      12.50
8                      12.92
16                     13.61
32                     14.93
64                     16.49
128                    19.75
256                    24.58
512                    33.05
1024                   56.53
2048                  100.21
4096                 1152.89
8192                 1849.09
16384                4657.86
32768                8920.99
65536               16447.76
131072              28000.42
262144              53975.04
524288             120307.74
1048576            259480.89
2097152            470151.08
