Flag 0
Flag 1
Flag 2
Flag 3
Flag 4
Flag 5

# OSU MPI Allgather Latency Test v5.6.2
# Size       Avg Latency(us)
1                      47.13
2                      45.78
4                      46.66
8                      48.89
16                     45.97
32                     48.98
64                     52.61
128                    60.63
256                    81.57
512                   114.54
1024                  185.19
2048                  599.48
4096                  771.57
8192                 1164.75
16384                3006.98
32768                5406.40
65536                9821.34
131072              16295.88
262144              28565.73
524288              59040.61
1048576            128939.22
2097152            242504.81
Flag 0
Flag 1
Flag 2
Flag 3
Flag 4
Flag 5

# OSU MPI Allgather Latency Test v5.6.2
# Size       Avg Latency(us)
1                      47.20
2                      45.79
4                      46.63
8                      48.79
16                     46.08
32                     48.99
64                     52.66
128                    60.69
256                    81.39
512                   114.67
1024                  185.17
2048                  596.25
4096                  771.25
8192                 1176.44
16384                2974.31
32768                5416.37
65536                9827.04
131072              16125.09
262144              28471.75
524288              58884.53
1048576            129714.59
2097152            245015.38
Flag 0
Flag 1
Flag 2
Flag 3
Flag 4
Flag 5

# OSU MPI Allgather Latency Test v5.6.2
# Size       Avg Latency(us)
1                      47.26
2                      45.79
4                      46.71
8                      48.83
16                     46.03
32                     49.02
64                     52.61
128                    60.74
256                    81.37
512                   114.72
1024                  185.51
2048                  601.09
4096                  770.31
8192                 1171.33
16384                3023.32
32768                5400.47
65536                9814.63
131072              16199.11
262144              28346.37
524288              59356.26
1048576            129395.58
2097152            243087.14
Flag 0
Flag 1
Flag 2
Flag 3
Flag 4
Flag 5

# OSU MPI Allgather Latency Test v5.6.2
# Size       Avg Latency(us)
1                      47.17
2                      45.74
4                      46.58
8                      48.78
16                     46.12
32                     48.97
64                     52.69
128                    60.65
256                    81.23
512                   114.70
1024                  185.38
2048                  595.60
4096                  770.99
8192                 1164.23
16384                2969.28
32768                5406.59
65536                9841.01
131072              16183.26
262144              28456.31
524288              58710.24
1048576            129230.88
2097152            244225.14
Flag 0
Flag 1
Flag 2
Flag 3
Flag 4
Flag 5

# OSU MPI Allgather Latency Test v5.6.2
# Size       Avg Latency(us)
1                      47.13
2                      45.69
4                      46.71
8                      48.81
16                     46.02
32                     48.97
64                     52.61
128                    60.67
256                    81.24
512                   114.69
1024                  185.49
2048                  603.25
4096                  770.52
8192                 1180.00
16384                2961.39
32768                5423.25
65536                9796.21
131072              16135.06
262144              28440.08
524288              59105.18
1048576            129225.18
2097152            242079.70
Flag 0
Flag 1
Flag 2
Flag 3
Flag 4
Flag 5

# OSU MPI Allgather Latency Test v5.6.2
# Size       Avg Latency(us)
1                      47.23
2                      45.78
4                      46.58
8                      48.85
16                     46.07
32                     49.00
64                     52.68
128                    60.65
256                    81.36
512                   114.69
1024                  185.51
2048                  599.03
4096                  771.80
8192                 1169.23
16384                3003.40
32768                5407.46
65536                9768.55
131072              16181.45
262144              28854.08
524288              60302.15
1048576            130265.66
2097152            244762.92
Flag 0
Flag 1
Flag 2
Flag 3
Flag 4
Flag 5

# OSU MPI Allgather Latency Test v5.6.2
# Size       Avg Latency(us)
1                      47.16
2                      45.72
4                      46.57
8                      48.79
16                     46.05
32                     48.98
64                     52.65
128                    60.65
256                    81.21
512                   114.85
1024                  185.40
2048                  600.21
4096                  770.27
8192                 1166.99
16384                3012.08
32768                5402.87
65536                9837.62
131072              16319.13
262144              28495.79
524288              59768.79
1048576            129612.04
2097152            240689.75
Flag 0
Flag 1
Flag 2
Flag 3
Flag 4
Flag 5

# OSU MPI Allgather Latency Test v5.6.2
# Size       Avg Latency(us)
1                      47.19
2                      45.74
4                      46.74
8                      48.87
16                     46.11
32                     49.11
64                     52.67
128                    60.70
256                    81.29
512                   114.85
1024                  185.40
2048                  599.84
4096                  770.87
8192                 1171.44
16384                2995.40
32768                5420.08
65536                9816.71
131072              16095.95
262144              28354.57
524288              59221.02
1048576            129586.87
2097152            245154.45
Flag 0
Flag 1
Flag 2
Flag 3
Flag 4
Flag 5

# OSU MPI Allgather Latency Test v5.6.2
# Size       Avg Latency(us)
1                      47.14
2                      45.86
4                      46.60
8                      48.80
16                     45.98
32                     48.99
64                     52.62
128                    60.56
256                    81.27
512                   114.73
1024                  185.40
2048                  600.51
4096                  768.64
8192                 1178.61
16384                2957.12
32768                5413.06
65536                9835.69
131072              16172.17
262144              28612.63
524288              58338.54
1048576            129582.57
2097152            243487.43
Flag 0
Flag 1
Flag 2
Flag 3
Flag 4
Flag 5

# OSU MPI Allgather Latency Test v5.6.2
# Size       Avg Latency(us)
1                      47.04
2                      45.66
4                      46.55
8                      48.71
16                     46.00
32                     48.94
64                     52.57
128                    60.59
256                    81.32
512                   114.52
1024                  185.55
2048                  608.24
4096                  771.67
8192                 1166.92
16384                3009.56
32768                5408.33
65536                9831.93
131072              16247.27
262144              28215.93
524288              58822.11
1048576            129548.29
2097152            243897.76
Flag 0
Flag 1
Flag 2
Flag 3
Flag 4
Flag 5

# OSU MPI Allgather Latency Test v5.6.2
# Size       Avg Latency(us)
1                      47.11
2                      45.84
4                      46.56
8                      48.77
16                     46.02
32                     49.01
64                     52.60
128                    60.67
256                    81.22
512                   114.59
1024                  184.88
2048                  609.24
4096                  770.39
8192                 1171.10
16384                2950.82
32768                5416.83
65536                9780.25
131072              16216.20
262144              28483.43
524288              59344.37
1048576            128841.65
2097152            243583.06
Flag 0
Flag 1
Flag 2
Flag 3
Flag 4
Flag 5

# OSU MPI Allgather Latency Test v5.6.2
# Size       Avg Latency(us)
1                      47.25
2                      45.84
4                      46.64
8                      48.94
16                     46.07
32                     48.97
64                     52.66
128                    60.66
256                    81.33
512                   114.66
1024                  185.16
2048                  605.07
4096                  772.98
8192                 1172.06
16384                3051.23
32768                5410.77
65536                9821.47
131072              16141.57
262144              28344.86
524288              59599.75
1048576            128218.33
2097152            243929.32
Flag 0
Flag 1
Flag 2
Flag 3
Flag 4
Flag 5

# OSU MPI Allgather Latency Test v5.6.2
# Size       Avg Latency(us)
1                      47.15
2                      45.80
4                      46.57
8                      48.77
16                     45.98
32                     49.05
64                     52.59
128                    60.64
256                    81.26
512                   114.68
1024                  185.17
2048                  607.31
4096                  771.40
8192                 1183.84
16384                2914.37
32768                5408.79
65536                9830.49
131072              16139.30
262144              28554.81
524288              58253.72
1048576            128773.76
2097152            245391.37
Flag 0
Flag 1
Flag 2
Flag 3
Flag 4
Flag 5

# OSU MPI Allgather Latency Test v5.6.2
# Size       Avg Latency(us)
1                      47.20
2                      45.83
4                      46.66
8                      48.85
16                     46.04
32                     48.96
64                     52.68
128                    60.73
256                    81.42
512                   114.91
1024                  185.36
2048                  603.07
4096                  771.39
8192                 1162.97
16384                2997.57
32768                5404.53
65536                9813.86
131072              16243.83
262144              28375.25
524288              59205.00
1048576            129832.41
2097152            244059.70
Flag 0
Flag 1
Flag 2
Flag 3
Flag 4
Flag 5

# OSU MPI Allgather Latency Test v5.6.2
# Size       Avg Latency(us)
1                      47.25
2                      45.80
4                      46.69
8                      48.84
16                     46.08
32                     49.00
64                     52.63
128                    60.67
256                    81.35
512                   114.66
1024                  185.33
2048                  598.14
4096                  770.37
8192                 1156.97
16384                2982.06
32768                5408.20
65536                9843.02
131072              16208.21
262144              28627.09
524288              59129.16
1048576            129464.60
2097152            244584.19
