Flag 0
Flag 1
Flag 2
Flag 3
Flag 4
Flag 5

# OSU MPI Allgather Latency Test v5.6.2
# Size       Avg Latency(us)
1                      60.51
2                      60.43
4                      61.60
8                      64.12
16                     60.40
32                     15.16
64                     17.30
128                    20.69
256                    26.34
512                    36.67
1024                   63.48
2048                  116.61
4096                  491.60
8192                  742.74
16384                2125.96
32768                3660.28
65536                4740.00
131072               8970.62
262144              17573.04
524288              34981.06
1048576             70512.09
2097152            182898.88
Flag 0
Flag 1
Flag 2
Flag 3
Flag 4
Flag 5

# OSU MPI Allgather Latency Test v5.6.2
# Size       Avg Latency(us)
1                      60.55
2                      60.29
4                      61.42
8                      63.90
16                     60.31
32                     15.54
64                     17.35
128                    20.92
256                    26.50
512                    36.17
1024                   62.71
2048                  114.80
4096                  498.98
8192                  752.85
16384                2146.27
32768                3670.31
65536                4816.16
131072               9106.01
262144              17743.95
524288              35402.96
1048576             71049.37
2097152            182652.82
Flag 0
Flag 1
Flag 2
Flag 3
Flag 4
Flag 5

# OSU MPI Allgather Latency Test v5.6.2
# Size       Avg Latency(us)
1                      60.51
2                      60.39
4                      61.44
8                      63.92
16                     60.36
32                     16.32
64                     17.98
128                    21.34
256                    26.84
512                    36.56
1024                   62.73
2048                  116.10
4096                  508.73
8192                  751.77
16384                2149.87
32768                3645.59
65536                4806.78
131072               9058.46
262144              17677.62
524288              35233.69
1048576             70887.65
2097152            183006.92
Flag 0
Flag 1
Flag 2
Flag 3
Flag 4
Flag 5

# OSU MPI Allgather Latency Test v5.6.2
# Size       Avg Latency(us)
1                      60.58
2                      60.54
4                      61.46
8                      63.93
16                     60.33
32                     16.24
64                     18.22
128                    21.41
256                    26.72
512                    36.21
1024                   63.10
2048                  116.86
4096                  492.69
8192                  741.74
16384                2138.73
32768                3680.32
65536                4750.60
131072               8965.35
262144              17564.05
524288              34992.18
1048576             70597.08
2097152            182373.61
Flag 0
Flag 1
Flag 2
Flag 3
Flag 4
Flag 5

# OSU MPI Allgather Latency Test v5.6.2
# Size       Avg Latency(us)
1                      60.40
2                      60.46
4                      61.45
8                      63.92
16                     60.36
32                     15.83
64                     17.49
128                    20.77
256                    26.41
512                    36.32
1024                   62.98
2048                  116.99
4096                  493.30
8192                  747.37
16384                2146.22
32768                3681.43
65536                4754.28
131072               8960.10
262144              17548.82
524288              35016.66
1048576             70574.24
2097152            182659.31
Flag 0
Flag 1
Flag 2
Flag 3
Flag 4
Flag 5

# OSU MPI Allgather Latency Test v5.6.2
# Size       Avg Latency(us)
1                      60.53
2                      60.31
4                      61.53
8                      63.91
16                     60.39
32                     15.19
64                     17.34
128                    20.66
256                    26.52
512                    36.15
1024                   63.81
2048                  116.68
4096                  491.01
8192                  743.01
16384                2125.37
32768                3723.90
65536                4760.33
131072               8985.64
262144              17609.84
524288              35071.11
1048576             70610.91
2097152            182479.34
Flag 0
Flag 1
Flag 2
Flag 3
Flag 4
Flag 5

# OSU MPI Allgather Latency Test v5.6.2
# Size       Avg Latency(us)
1                      60.56
2                      60.32
4                      61.52
8                      63.93
16                     60.36
32                     15.30
64                     17.22
128                    20.76
256                    26.47
512                    36.52
1024                   63.09
2048                  116.37
4096                  491.71
8192                  742.05
16384                2117.93
32768                3623.60
65536                4750.50
131072               8976.01
262144              17602.95
524288              34965.55
1048576             70532.03
2097152            182141.06
Flag 0
Flag 1
Flag 2
Flag 3
Flag 4
Flag 5

# OSU MPI Allgather Latency Test v5.6.2
# Size       Avg Latency(us)
1                      60.52
2                      60.28
4                      61.54
8                      63.87
16                     60.38
32                     15.09
64                     17.08
128                    20.65
256                    26.47
512                    36.08
1024                   64.10
2048                  116.30
4096                  487.91
8192                  745.41
16384                2145.71
32768                3669.24
65536                4748.12
131072               8987.30
262144              17619.04
524288              35004.15
1048576             70551.57
2097152            182931.78
Flag 0
Flag 1
Flag 2
Flag 3
Flag 4
Flag 5

# OSU MPI Allgather Latency Test v5.6.2
# Size       Avg Latency(us)
1                      60.52
2                      60.50
4                      61.45
8                      63.91
16                     60.32
32                     15.50
64                     17.16
128                    20.65
256                    26.36
512                    36.36
1024                   62.70
2048                  115.98
4096                  488.20
8192                  748.27
16384                2140.28
32768                3655.05
65536                4750.50
131072               8974.73
262144              17583.04
524288              34958.10
1048576             70529.36
2097152            182464.72
Flag 0
Flag 1
Flag 2
Flag 3
Flag 4
Flag 5

# OSU MPI Allgather Latency Test v5.6.2
# Size       Avg Latency(us)
1                      60.40
2                      60.37
4                      61.41
8                      63.83
16                     60.29
32                     15.51
64                     17.29
128                    20.65
256                    26.36
512                    36.70
1024                   63.02
2048                  116.27
4096                  495.80
8192                  741.21
16384                2128.92
32768                3715.25
65536                4738.30
131072               8960.20
262144              17609.10
524288              34980.75
1048576             70620.40
2097152            182956.20
Flag 0
Flag 1
Flag 2
Flag 3
Flag 4
Flag 5

# OSU MPI Allgather Latency Test v5.6.2
# Size       Avg Latency(us)
1                      60.56
2                      60.35
4                      61.45
8                      63.93
16                     60.30
32                     15.01
64                     16.97
128                    20.52
256                    26.31
512                    36.11
1024                   62.92
2048                  116.11
4096                  491.49
8192                  745.75
16384                2140.61
32768                3692.48
65536                4770.35
131072               8988.61
262144              17584.03
524288              35042.82
1048576             70685.37
2097152            182388.08
Flag 0
Flag 1
Flag 2
Flag 3
Flag 4
Flag 5

# OSU MPI Allgather Latency Test v5.6.2
# Size       Avg Latency(us)
1                      60.66
2                      60.34
4                      61.45
8                      64.00
16                     60.37
32                     14.90
64                     16.91
128                    20.69
256                    26.36
512                    36.21
1024                   63.23
2048                  115.98
4096                  488.27
8192                  745.24
16384                2142.95
32768                3708.54
65536                4769.66
131072               9012.90
262144              17602.72
524288              35058.02
1048576             70647.68
2097152            183268.86
Flag 0
Flag 1
Flag 2
Flag 3
Flag 4
Flag 5

# OSU MPI Allgather Latency Test v5.6.2
# Size       Avg Latency(us)
1                      60.43
2                      60.33
4                      61.46
8                      63.92
16                     60.36
32                     14.95
64                     16.95
128                    20.71
256                    26.34
512                    36.18
1024                   62.97
2048                  115.90
4096                  483.91
8192                  746.30
16384                2132.40
32768                3713.61
65536                4753.51
131072               8973.61
262144              17567.11
524288              34981.91
1048576             70504.17
2097152            182984.63
Flag 0
Flag 1
Flag 2
Flag 3
Flag 4
Flag 5

# OSU MPI Allgather Latency Test v5.6.2
# Size       Avg Latency(us)
1                      60.49
2                      60.31
4                      61.41
8                      63.88
16                     60.29
32                     14.90
64                     16.92
128                    20.81
256                    26.65
512                    36.43
1024                   63.90
2048                  117.35
4096                  485.92
8192                  744.35
16384                2130.81
32768                3721.93
65536                4756.00
131072               8993.12
262144              17570.37
524288              35030.44
1048576             70627.31
2097152            182671.78
Flag 0
Flag 1
Flag 2
Flag 3
Flag 4
Flag 5

# OSU MPI Allgather Latency Test v5.6.2
# Size       Avg Latency(us)
1                      60.58
2                      60.34
4                      61.45
8                      63.93
16                     60.31
32                     16.11
64                     17.93
128                    21.31
256                    26.73
512                    36.49
1024                   63.03
2048                  116.48
4096                  499.76
8192                  762.37
16384                2147.50
32768                3671.90
65536                4754.88
131072               8978.13
262144              17580.93
524288              34995.04
1048576             70508.36
2097152            182259.66
