
# OSU MPI Allgather Latency Test v5.6.2
# Size       Avg Latency(us)
1 66.03
2 65.45
4 64.32
8 63.72
16 61.15
32 60.94
64 63.67
128 69.27
256 77.61
512 132.74
1024 115.82
2048 138.16
4096 176.13
8192 177.85
16384 284.39
32768 537.86
65536 1445.80
131072 2698.48
262144 3927.21
524288 5753.52
1048576 8970.58

# OSU MPI Allgather Latency Test v5.6.2
# Size       Avg Latency(us)
1 64.84
2 61.35
4 61.25
8 61.21
16 57.94
32 59.10
64 62.42
128 66.80
256 76.15
512 95.95
1024 118.42
2048 138.66
4096 158.33
8192 262.87
16384 788.05
32768 622.82
65536 1452.03
131072 2585.23
262144 3937.70
524288 5926.35
1048576 9172.78

# OSU MPI Allgather Latency Test v5.6.2
# Size       Avg Latency(us)
1 64.94
2 61.15
4 61.49
8 61.64
16 58.01
32 58.98
64 62.18
128 67.71
256 76.33
512 96.80
1024 117.94
2048 132.65
4096 148.76
8192 178.22
16384 331.20
32768 1019.99
65536 1684.88
131072 2718.30
262144 4007.38
524288 5919.82
1048576 8679.94

# OSU MPI Allgather Latency Test v5.6.2
# Size       Avg Latency(us)
1 65.04
2 60.83
4 60.72
8 61.19
16 59.28
32 59.20
64 62.43
128 67.46
256 77.30
512 133.54
1024 118.20
2048 140.06
4096 155.09
8192 181.48
16384 290.13
32768 578.70
65536 1559.26
131072 2708.71
262144 3673.71
524288 5748.29
1048576 9152.14

# OSU MPI Allgather Latency Test v5.6.2
# Size       Avg Latency(us)
1 66.59
2 61.39
4 61.37
8 61.63
16 58.92
32 59.33
64 62.33
128 68.11
256 77.56
512 106.04
1024 113.47
2048 132.39
4096 151.34
8192 181.06
16384 266.61
32768 566.69
65536 1716.06
131072 2696.18
262144 3960.16
524288 5814.66
1048576 9846.05

# OSU MPI Allgather Latency Test v5.6.2
# Size       Avg Latency(us)
1 64.99
2 61.11
4 61.33
8 60.94
16 58.31
32 59.28
64 62.49
128 67.20
256 76.64
512 97.58
1024 119.39
2048 136.92
4096 169.61
8192 174.36
16384 293.15
32768 1535.90
65536 1520.54
131072 2774.18
262144 3960.38
524288 6091.92
1048576 9197.84

# OSU MPI Allgather Latency Test v5.6.2
# Size       Avg Latency(us)
1 64.79
2 60.77
4 60.46
8 60.54
16 58.00
32 58.84
64 62.21
128 67.44
256 76.41
512 133.44
1024 112.01
2048 134.61
4096 168.76
8192 244.02
16384 292.52
32768 1064.15
65536 1612.24
131072 2532.30
262144 3984.43
524288 6020.93
1048576 8573.10

# OSU MPI Allgather Latency Test v5.6.2
# Size       Avg Latency(us)
1 63.97
2 59.94
4 60.27
8 59.96
16 57.94
32 58.80
64 61.79
128 67.20
256 76.47
512 113.73
1024 120.11
2048 133.72
4096 163.83
8192 215.04
16384 281.78
32768 562.30
65536 1683.34
131072 2872.94
262144 3833.13
524288 5865.43
1048576 9356.54

# OSU MPI Allgather Latency Test v5.6.2
# Size       Avg Latency(us)
1 64.49
2 60.07
4 60.27
8 60.34
16 58.15
32 59.07
64 62.26
128 67.32
256 76.43
512 96.99
1024 120.05
2048 145.73
4096 156.46
8192 181.77
16384 274.96
32768 519.37
65536 1689.37
131072 2823.25
262144 3911.79
524288 5439.43
1048576 9343.79

# OSU MPI Allgather Latency Test v5.6.2
# Size       Avg Latency(us)
1 65.49
2 62.30
4 62.62
8 62.19
16 58.67
32 59.36
64 62.30
128 67.67
256 76.62
512 97.00
1024 116.87
2048 135.36
4096 153.97
8192 173.02
16384 304.14
32768 1526.41
65536 1600.08
131072 2726.70
262144 4024.57
524288 5916.69
1048576 9085.60

# OSU MPI Allgather Latency Test v5.6.2
# Size       Avg Latency(us)
1 64.92
2 60.81
4 60.75
8 61.06
16 58.75
32 58.98
64 62.26
128 67.84
256 77.22
512 98.16
1024 125.14
2048 138.90
4096 155.51
8192 220.97
16384 274.27
32768 786.99
65536 1594.84
131072 2688.24
262144 3939.71
524288 5899.12
1048576 9338.78

# OSU MPI Allgather Latency Test v5.6.2
# Size       Avg Latency(us)
1 65.82
2 62.04
4 63.20
8 62.09
16 58.43
32 59.52
64 62.89
128 69.01
256 79.28
512 100.53
1024 116.56
2048 146.05
4096 153.30
8192 198.52
16384 260.86
32768 511.53
65536 1504.75
131072 2743.21
262144 4179.91
524288 6043.18
1048576 8673.38

# OSU MPI Allgather Latency Test v5.6.2
# Size       Avg Latency(us)
1 64.83
2 60.74
4 60.65
8 60.92
16 58.73
32 60.16
64 62.35
128 68.20
256 78.58
512 98.24
1024 125.05
2048 139.42
4096 151.60
8192 179.50
16384 309.43
32768 556.16
65536 1502.64
131072 2791.23
262144 3963.90
524288 5981.17
1048576 8926.79

# OSU MPI Allgather Latency Test v5.6.2
# Size       Avg Latency(us)
1 65.52
2 62.37
4 62.51
8 62.30
16 58.80
32 59.99
64 62.89
128 68.24
256 77.55
512 97.59
1024 122.94
2048 137.35
4096 152.40
8192 227.49
16384 280.99
32768 522.08
65536 1671.57
131072 2649.85
262144 3904.37
524288 5901.63
1048576 9362.32

# OSU MPI Allgather Latency Test v5.6.2
# Size       Avg Latency(us)
1 64.85
2 60.96
4 61.25
8 61.39
16 57.81
32 59.14
64 62.09
128 68.20
256 76.61
512 97.02
1024 122.99
2048 132.06
4096 156.04
8192 206.94
16384 791.16
32768 559.37
65536 1472.29
131072 2795.94
262144 4070.91
524288 5787.90
1048576 9378.83

# OSU MPI Allgather Latency Test v5.6.2
# Size       Avg Latency(us)
1 64.36
2 59.98
4 60.05
8 60.07
16 58.94
32 58.98
64 62.43
128 67.56
256 76.96
512 97.65
1024 122.79
2048 135.91
4096 151.92
8192 182.06
16384 774.26
32768 557.95
65536 1646.05
131072 2639.61
262144 4016.57
524288 5737.43
1048576 9170.49

# OSU MPI Allgather Latency Test v5.6.2
# Size       Avg Latency(us)
1 65.76
2 62.13
4 62.28
8 62.08
16 57.98
32 59.36
64 62.59
128 67.91
256 77.34
512 97.98
1024 113.60
2048 137.08
4096 153.55
8192 173.17
16384 291.71
32768 591.54
65536 1649.59
131072 2845.99
262144 4006.60
524288 5979.05
1048576 9257.69

# OSU MPI Allgather Latency Test v5.6.2
# Size       Avg Latency(us)
1 65.51
2 61.61
4 61.56
8 61.73
16 58.63
32 59.07
64 62.16
128 67.95
256 77.50
512 98.11
1024 113.21
2048 136.49
4096 153.07
8192 188.22
16384 293.06
32768 614.06
65536 1426.62
131072 2594.77
262144 4004.38
524288 5955.06
1048576 8907.15

# OSU MPI Allgather Latency Test v5.6.2
# Size       Avg Latency(us)
1 65.49
2 61.91
4 62.08
8 62.04
16 58.32
32 59.01
64 62.25
128 67.67
256 76.71
512 126.56
1024 121.16
2048 145.11
4096 150.21
8192 192.27
16384 272.19
32768 528.46
65536 1645.34
131072 2639.00
262144 4098.33
524288 6053.98
1048576 9795.64

# OSU MPI Allgather Latency Test v5.6.2
# Size       Avg Latency(us)
1 64.73
2 60.35
4 60.59
8 60.75
16 57.83
32 59.13
64 62.40
128 68.36
256 77.83
512 97.86
1024 114.94
2048 141.48
4096 172.59
8192 181.80
16384 288.39
32768 516.67
65536 1591.67
131072 3001.13
262144 3973.91
524288 5880.98
1048576 9001.89
>>>>>>> 35386b45047395480ca91561c2cde7a4e9580a11
