
# OSU MPI Allgather Latency Test v5.6.2
# Size       Avg Latency(us)
1 65.45
2 65.03
4 63.66
8 63.57
16 60.59
32 60.52
64 63.23
128 68.60
256 77.12
512 116.72
1024 119.01
2048 136.66
4096 159.08
8192 175.30
16384 265.04
32768 592.98
65536 138.45
131072 138.79
262144 144.98
524288 164.93
1048576 209.27

# OSU MPI Allgather Latency Test v5.6.2
# Size       Avg Latency(us)
1 65.81
2 62.50
4 62.08
8 62.13
16 58.66
32 59.44
64 62.44
128 68.13
256 76.91
512 98.50
1024 119.58
2048 133.16
4096 150.53
8192 186.72
16384 282.71
32768 534.34
65536 141.76
131072 142.05
262144 147.92
524288 168.43
1048576 212.50

# OSU MPI Allgather Latency Test v5.6.2
# Size       Avg Latency(us)
1 64.62
2 60.83
4 60.93
8 60.51
16 58.39
32 59.45
64 62.32
128 67.84
256 76.60
512 110.75
1024 116.29
2048 141.55
4096 148.33
8192 245.65
16384 307.41
32768 527.26
65536 142.50
131072 141.12
262144 149.20
524288 168.64
1048576 214.03

# OSU MPI Allgather Latency Test v5.6.2
# Size       Avg Latency(us)
1 63.38
2 58.36
4 58.39
8 58.48
16 58.42
32 59.42
64 62.58
128 67.46
256 76.23
512 104.93
1024 119.93
2048 133.49
4096 156.98
8192 209.70
16384 389.97
32768 497.11
65536 142.81
131072 142.06
262144 149.29
524288 168.36
1048576 214.63

# OSU MPI Allgather Latency Test v5.6.2
# Size       Avg Latency(us)
1 65.10
2 61.09
4 61.03
8 61.15
16 58.24
32 59.29
64 62.39
128 67.44
256 77.40
512 98.85
1024 119.26
2048 136.33
4096 156.09
8192 174.89
16384 270.07
32768 584.50
65536 135.98
131072 137.68
262144 143.88
524288 164.75
1048576 209.01

# OSU MPI Allgather Latency Test v5.6.2
# Size       Avg Latency(us)
1 65.63
2 61.99
4 61.87
8 61.94
16 59.25
32 59.65
64 62.89
128 68.13
256 77.67
512 121.41
1024 118.18
2048 136.58
4096 153.52
8192 189.98
16384 288.71
32768 609.28
65536 137.78
131072 137.06
262144 143.71
524288 163.05
1048576 204.01

# OSU MPI Allgather Latency Test v5.6.2
# Size       Avg Latency(us)
1 64.71
2 60.92
4 61.00
8 61.50
16 58.51
32 59.33
64 62.57
128 67.94
256 77.18
512 98.10
1024 115.30
2048 132.33
4096 155.98
8192 213.00
16384 502.54
32768 572.14
65536 143.63
131072 143.32
262144 148.51
524288 169.32
1048576 212.45

# OSU MPI Allgather Latency Test v5.6.2
# Size       Avg Latency(us)
1 64.29
2 60.92
4 61.01
8 60.96
16 57.51
32 59.04
64 62.05
128 67.71
256 76.66
512 111.08
1024 122.32
2048 132.36
4096 152.91
8192 213.40
16384 295.46
32768 581.36
65536 143.06
131072 143.30
262144 149.03
524288 169.31
1048576 214.18

# OSU MPI Allgather Latency Test v5.6.2
# Size       Avg Latency(us)
1 64.19
2 60.71
4 60.59
8 60.29
16 58.12
32 59.38
64 62.50
128 68.30
256 76.85
512 123.54
1024 113.25
2048 143.59
4096 155.04
8192 176.13
16384 264.24
32768 545.81
65536 137.09
131072 136.70
262144 143.29
524288 163.93
1048576 209.83

# OSU MPI Allgather Latency Test v5.6.2
# Size       Avg Latency(us)
1 64.33
2 59.69
4 59.83
8 59.82
16 58.28
32 59.08
64 61.97
128 67.70
256 77.25
512 98.26
1024 116.01
2048 147.84
4096 152.88
8192 203.14
16384 316.72
32768 579.07
65536 138.01
131072 138.88
262144 144.48
524288 164.51
1048576 208.80

# OSU MPI Allgather Latency Test v5.6.2
# Size       Avg Latency(us)
1 64.72
2 61.13
4 61.29
8 61.31
16 58.90
32 59.17
64 62.29
128 67.46
256 76.65
512 98.06
1024 113.55
2048 140.27
4096 152.11
8192 189.15
16384 531.68
32768 1014.86
65536 144.52
131072 142.86
262144 148.40
524288 167.63
1048576 213.45

# OSU MPI Allgather Latency Test v5.6.2
# Size       Avg Latency(us)
1 64.48
2 60.75
4 60.76
8 60.57
16 58.77
32 58.98
64 62.45
128 67.64
256 76.80
512 97.26
1024 113.77
2048 136.54
4096 152.75
8192 183.28
16384 284.43
32768 1566.03
65536 146.20
131072 143.60
262144 149.38
524288 170.16
1048576 215.15

# OSU MPI Allgather Latency Test v5.6.2
# Size       Avg Latency(us)
1 65.90
2 62.78
4 62.56
8 62.20
16 59.97
32 60.34
64 63.41
128 69.20
256 78.13
512 99.16
1024 120.89
2048 138.30
4096 156.23
8192 171.54
16384 272.71
32768 548.34
65536 138.45
131072 138.84
262144 145.49
524288 165.91
1048576 210.44

# OSU MPI Allgather Latency Test v5.6.2
# Size       Avg Latency(us)
1 64.74
2 60.71
4 60.78
8 60.64
16 58.34
32 59.17
64 62.20
128 67.77
256 78.07
512 101.77
1024 114.52
2048 134.41
4096 154.73
8192 202.24
16384 269.55
32768 742.21
65536 148.11
131072 145.71
262144 151.82
524288 169.67
1048576 214.74

# OSU MPI Allgather Latency Test v5.6.2
# Size       Avg Latency(us)
1 64.71
2 60.11
4 60.06
8 60.48
16 59.36
32 59.53
64 62.72
128 68.67
256 78.53
512 100.42
1024 115.56
2048 152.57
4096 165.37
8192 172.59
16384 283.96
32768 529.23
65536 136.95
131072 137.92
262144 145.88
524288 165.35
1048576 208.26

# OSU MPI Allgather Latency Test v5.6.2
# Size       Avg Latency(us)
1 64.66
2 60.40
4 60.53
8 60.55
16 61.24
32 61.34
64 64.19
128 69.34
256 78.20
512 99.57
1024 115.80
2048 140.34
4096 153.73
8192 184.62
16384 300.58
32768 580.10
65536 143.52
131072 141.70
262144 149.23
524288 169.18
1048576 214.90

# OSU MPI Allgather Latency Test v5.6.2
# Size       Avg Latency(us)
1 65.95
2 62.07
4 62.20
8 62.17
16 58.41
32 59.86
64 62.47
128 68.66
256 77.57
512 102.90
1024 121.45
2048 142.63
4096 151.59
8192 172.34
16384 291.54
32768 550.39
65536 136.55
131072 136.30
262144 143.82
524288 162.98
1048576 206.66

# OSU MPI Allgather Latency Test v5.6.2
# Size       Avg Latency(us)
1 65.05
2 61.37
4 61.21
8 61.30
16 58.39
32 59.44
64 62.77
128 68.25
256 77.20
512 105.41
1024 113.87
2048 139.86
4096 152.24
8192 164.49
16384 309.10
32768 570.43
65536 137.62
131072 136.40
262144 143.63
524288 163.46
1048576 210.15

# OSU MPI Allgather Latency Test v5.6.2
# Size       Avg Latency(us)
1 65.96
2 62.76
4 62.63
8 62.43
16 58.35
32 59.52
64 62.58
128 68.28
256 78.21
512 100.06
1024 117.43
2048 140.76
4096 153.80
8192 171.72
16384 315.59
32768 557.37
65536 144.40
131072 136.67
262144 143.83
524288 164.14
1048576 210.23

# OSU MPI Allgather Latency Test v5.6.2
# Size       Avg Latency(us)
1 64.46
2 60.95
4 60.94
8 61.03
16 57.81
32 58.88
64 62.31
128 68.16
256 77.39
512 112.06
1024 114.64
2048 139.64
4096 159.10
8192 169.84
16384 304.73
32768 569.38
65536 136.89
131072 135.53
262144 143.90
524288 164.18
1048576 210.96
