
# OSU MPI Allgather Latency Test v5.6.2
# Size       Avg Latency(us)
1 2.60
2 2.49
4 2.45
8 2.37
16 2.38
32 2.38
64 2.47
128 2.58
256 3.43
512 4.70
1024 5.82
2048 7.86
4096 12.22
8192 23.05
16384 52.87
32768 110.01
65536 12.51
131072 18.89
262144 32.48
524288 64.68
1048576 192.37

# OSU MPI Allgather Latency Test v5.6.2
# Size       Avg Latency(us)
1 2.68
2 2.54
4 2.51
8 2.37
16 2.39
32 2.41
64 2.42
128 2.55
256 2.87
512 4.40
1024 5.52
2048 7.66
4096 12.04
8192 22.26
16384 56.68
32768 113.87
65536 12.45
131072 18.38
262144 32.28
524288 63.20
1048576 182.44

# OSU MPI Allgather Latency Test v5.6.2
# Size       Avg Latency(us)
1 3.11
2 2.70
4 2.69
8 2.57
16 2.66
32 2.54
64 2.57
128 2.87
256 4.44
512 4.76
1024 6.05
2048 8.31
4096 12.58
8192 24.98
16384 58.02
32768 116.01
65536 11.01
131072 17.29
262144 31.73
524288 61.40
1048576 210.97

# OSU MPI Allgather Latency Test v5.6.2
# Size       Avg Latency(us)
1 2.96
2 2.78
4 2.64
8 2.53
16 2.51
32 2.61
64 2.52
128 2.66
256 2.83
512 4.90
1024 5.95
2048 8.29
4096 12.62
8192 23.79
16384 52.61
32768 106.29
65536 11.64
131072 18.62
262144 32.74
524288 64.02
1048576 215.30

# OSU MPI Allgather Latency Test v5.6.2
# Size       Avg Latency(us)
1 2.55
2 2.43
4 2.38
8 2.31
16 2.32
32 2.33
64 2.37
128 2.54
256 2.70
512 3.17
1024 3.95
2048 7.66
4096 13.36
8192 21.29
16384 57.72
32768 118.76
65536 12.48
131072 19.77
262144 35.00
524288 66.70
1048576 185.14

# OSU MPI Allgather Latency Test v5.6.2
# Size       Avg Latency(us)
1 2.97
2 2.80
4 2.73
8 2.70
16 2.69
32 2.68
64 2.67
128 3.09
256 3.78
512 4.42
1024 5.35
2048 7.42
4096 11.89
8192 24.32
16384 52.10
32768 101.67
65536 11.36
131072 17.55
262144 30.37
524288 63.24
1048576 217.37

# OSU MPI Allgather Latency Test v5.6.2
# Size       Avg Latency(us)
1 2.57
2 2.43
4 2.36
8 2.30
16 2.31
32 2.34
64 2.34
128 2.54
256 2.67
512 3.16
1024 3.94
2048 5.57
4096 12.90
8192 21.46
16384 52.90
32768 114.13
65536 12.58
131072 19.32
262144 35.01
524288 68.13
1048576 188.80

# OSU MPI Allgather Latency Test v5.6.2
# Size       Avg Latency(us)
1 2.46
2 2.33
4 2.30
8 2.22
16 2.26
32 2.25
64 2.36
128 2.44
256 2.64
512 3.14
1024 5.08
2048 8.21
4096 12.66
8192 20.57
16384 48.95
32768 114.50
65536 13.15
131072 20.58
262144 35.22
524288 67.78
1048576 182.71

# OSU MPI Allgather Latency Test v5.6.2
# Size       Avg Latency(us)
1 2.44
2 2.25
4 2.17
8 2.15
16 2.15
32 2.19
64 2.24
128 2.40
256 2.58
512 3.17
1024 3.83
2048 7.68
4096 11.98
8192 19.42
16384 47.30
32768 97.92
65536 10.11
131072 14.96
262144 26.68
524288 77.47
1048576 179.34

# OSU MPI Allgather Latency Test v5.6.2
# Size       Avg Latency(us)
1 2.21
2 2.19
4 2.10
8 2.11
16 2.07
32 2.17
64 2.21
128 2.37
256 2.53
512 2.95
1024 3.78
2048 7.09
4096 12.51
8192 19.49
16384 48.05
32768 110.27
65536 13.01
131072 19.92
262144 36.45
524288 71.33
1048576 179.32

# OSU MPI Allgather Latency Test v5.6.2
# Size       Avg Latency(us)
1 2.05
2 2.01
4 1.94
8 1.96
16 1.97
32 2.02
64 2.09
128 2.25
256 2.42
512 2.93
1024 3.66
2048 5.21
4096 10.60
8192 20.83
16384 48.08
32768 96.66
65536 13.57
131072 23.00
262144 40.55
524288 76.28
1048576 182.92

# OSU MPI Allgather Latency Test v5.6.2
# Size       Avg Latency(us)
1 2.15
2 2.00
4 2.00
8 1.97
16 2.00
32 2.04
64 2.11
128 2.26
256 2.45
512 2.98
1024 5.69
2048 7.67
4096 11.85
8192 19.22
16384 46.37
32768 95.24
65536 14.88
131072 23.13
262144 40.72
524288 76.27
1048576 189.02

# OSU MPI Allgather Latency Test v5.6.2
# Size       Avg Latency(us)
1 2.13
2 1.98
4 1.94
8 1.94
16 1.97
32 2.02
64 2.08
128 2.24
256 2.42
512 2.92
1024 5.73
2048 8.09
4096 12.24
8192 19.80
16384 48.06
32768 109.90
65536 12.42
131072 20.07
262144 35.49
524288 67.31
1048576 176.94

# OSU MPI Allgather Latency Test v5.6.2
# Size       Avg Latency(us)
1 2.09
2 2.06
4 2.04
8 2.05
16 2.06
32 2.10
64 2.18
128 2.35
256 2.55
512 2.98
1024 3.79
2048 7.74
4096 12.86
8192 20.15
16384 47.08
32768 95.74
65536 11.29
131072 16.95
262144 28.61
524288 56.53
1048576 163.55

# OSU MPI Allgather Latency Test v5.6.2
# Size       Avg Latency(us)
1 2.63
2 2.43
4 2.44
8 2.31
16 2.36
32 2.30
64 2.37
128 2.44
256 2.66
512 3.25
1024 5.10
2048 7.00
4096 11.10
8192 18.53
16384 45.55
32768 107.55
65536 12.09
131072 20.18
262144 35.63
524288 67.44
1048576 168.47

# OSU MPI Allgather Latency Test v5.6.2
# Size       Avg Latency(us)
1 2.49
2 2.33
4 2.25
8 2.21
16 2.20
32 2.19
64 2.25
128 2.34
256 2.53
512 3.00
1024 3.73
2048 5.95
4096 12.67
8192 19.79
16384 45.46
32768 95.77
65536 10.33
131072 16.44
262144 28.40
524288 69.41
1048576 179.56

# OSU MPI Allgather Latency Test v5.6.2
# Size       Avg Latency(us)
1 3.02
2 2.63
4 2.57
8 2.50
16 2.50
32 2.50
64 2.51
128 2.68
256 2.85
512 3.30
1024 4.09
2048 5.66
4096 9.18
8192 22.12
16384 54.14
32768 106.98
65536 11.76
131072 18.11
262144 32.19
524288 62.83
1048576 179.91

# OSU MPI Allgather Latency Test v5.6.2
# Size       Avg Latency(us)
1 2.90
2 2.73
4 2.65
8 2.54
16 2.52
32 2.49
64 2.47
128 2.62
256 2.76
512 4.75
1024 5.95
2048 8.17
4096 12.52
8192 22.24
16384 55.55
32768 111.30
65536 12.46
131072 19.06
262144 32.31
524288 63.93
1048576 211.04

# OSU MPI Allgather Latency Test v5.6.2
# Size       Avg Latency(us)
1 3.02
2 2.84
4 2.72
8 2.64
16 2.61
32 2.55
64 2.58
128 2.70
256 2.82
512 3.32
1024 6.32
2048 8.73
4096 13.07
8192 20.95
16384 49.33
32768 121.24
65536 12.08
131072 19.60
262144 35.07
524288 69.18
1048576 181.39

# OSU MPI Allgather Latency Test v5.6.2
# Size       Avg Latency(us)
1 2.95
2 2.67
4 2.66
8 2.53
16 2.48
32 2.53
64 2.51
128 2.68
256 2.83
512 3.34
1024 4.07
2048 8.54
4096 13.06
8192 21.02
16384 51.58
32768 113.66
65536 13.43
131072 20.06
262144 35.27
524288 67.85
1048576 180.25
