
# OSU MPI Allgather Latency Test v5.6.2
# Size       Avg Latency(us)
1 1.90
2 1.84
4 1.82
8 1.75
16 1.74
32 1.76
64 1.79
128 1.88
256 1.92
512 2.13
1024 2.48
2048 5.52
4096 8.07
8192 12.04
16384 25.06
32768 53.89
65536 92.46
131072 14.20
262144 27.16
524288 56.37
1048576 155.28

# OSU MPI Allgather Latency Test v5.6.2
# Size       Avg Latency(us)
1 2.11
2 2.04
4 2.00
8 1.93
16 1.92
32 1.88
64 1.91
128 1.99
256 2.03
512 2.28
1024 2.58
2048 3.42
4096 4.98
8192 7.79
16384 19.17
32768 41.05
65536 104.09
131072 16.80
262144 33.01
524288 67.79
1048576 142.82

# OSU MPI Allgather Latency Test v5.6.2
# Size       Avg Latency(us)
1 1.95
2 1.86
4 1.80
8 1.75
16 1.73
32 1.80
64 1.78
128 1.94
256 1.95
512 2.18
1024 2.56
2048 3.29
4096 4.87
8192 7.77
16384 19.25
32768 39.46
65536 101.37
131072 17.69
262144 33.67
524288 68.88
1048576 143.45

# OSU MPI Allgather Latency Test v5.6.2
# Size       Avg Latency(us)
1 1.80
2 1.77
4 1.75
8 1.70
16 1.71
32 1.73
64 1.70
128 1.87
256 1.90
512 2.12
1024 2.52
2048 3.22
4096 5.90
8192 12.31
16384 25.24
32768 53.87
65536 94.92
131072 14.71
262144 28.94
524288 59.85
1048576 129.10

# OSU MPI Allgather Latency Test v5.6.2
# Size       Avg Latency(us)
1 2.26
2 2.14
4 2.10
8 2.02
16 1.99
32 2.00
64 1.95
128 2.09
256 2.14
512 2.34
1024 2.73
2048 4.30
4096 7.24
8192 11.31
16384 25.41
32768 56.15
65536 94.75
131072 14.01
262144 27.25
524288 57.50
1048576 146.32

# OSU MPI Allgather Latency Test v5.6.2
# Size       Avg Latency(us)
1 1.72
2 1.68
4 1.70
8 1.65
16 1.65
32 1.73
64 1.68
128 1.85
256 1.91
512 2.10
1024 2.53
2048 3.18
4096 4.74
8192 7.45
16384 18.75
32768 55.40
65536 101.51
131072 17.64
262144 32.19
524288 67.08
1048576 140.93

# OSU MPI Allgather Latency Test v5.6.2
# Size       Avg Latency(us)
1 1.80
2 1.77
4 1.74
8 1.68
16 1.67
32 1.73
64 1.71
128 1.85
256 1.90
512 2.11
1024 2.56
2048 3.24
4096 4.81
8192 7.73
16384 19.54
32768 46.86
65536 101.24
131072 16.70
262144 32.00
524288 65.75
1048576 137.74

# OSU MPI Allgather Latency Test v5.6.2
# Size       Avg Latency(us)
1 1.83
2 1.75
4 1.71
8 1.67
16 1.66
32 1.74
64 1.70
128 1.82
256 1.86
512 2.08
1024 2.46
2048 3.21
4096 4.76
8192 7.56
16384 19.17
32768 39.60
65536 96.06
131072 17.46
262144 33.26
524288 69.23
1048576 153.85

# OSU MPI Allgather Latency Test v5.6.2
# Size       Avg Latency(us)
1 2.12
2 2.03
4 2.00
8 1.93
16 1.90
32 1.90
64 1.89
128 1.99
256 2.03
512 2.23
1024 2.55
2048 3.32
4096 4.94
8192 7.66
16384 18.66
32768 57.53
65536 98.36
131072 15.54
262144 30.23
524288 62.33
1048576 131.48

# OSU MPI Allgather Latency Test v5.6.2
# Size       Avg Latency(us)
1 2.15
2 2.07
4 1.98
8 1.89
16 1.90
32 1.89
64 1.87
128 1.97
256 2.00
512 2.24
1024 2.57
2048 3.44
4096 5.24
8192 10.62
16384 26.56
32768 55.49
65536 98.04
131072 15.35
262144 30.21
524288 62.82
1048576 134.92

# OSU MPI Allgather Latency Test v5.6.2
# Size       Avg Latency(us)
1 1.72
2 1.64
4 1.62
8 1.63
16 1.59
32 1.65
64 1.67
128 1.81
256 1.90
512 2.06
1024 2.49
2048 3.12
4096 4.69
8192 12.45
16384 25.61
32768 54.45
65536 96.70
131072 14.64
262144 28.89
524288 61.49
1048576 131.62

# OSU MPI Allgather Latency Test v5.6.2
# Size       Avg Latency(us)
1 2.15
2 2.09
4 2.05
8 1.98
16 1.96
32 1.96
64 1.94
128 2.07
256 2.13
512 2.34
1024 2.76
2048 4.63
4096 8.30
8192 12.21
16384 24.99
32768 54.72
65536 93.67
131072 14.80
262144 28.10
524288 58.37
1048576 162.65

# OSU MPI Allgather Latency Test v5.6.2
# Size       Avg Latency(us)
1 1.76
2 1.71
4 1.71
8 1.69
16 1.64
32 1.68
64 1.72
128 1.78
256 1.85
512 2.06
1024 2.48
2048 3.19
4096 4.91
8192 12.59
16384 26.38
32768 55.52
65536 96.80
131072 15.45
262144 29.27
524288 61.76
1048576 129.68

# OSU MPI Allgather Latency Test v5.6.2
# Size       Avg Latency(us)
1 2.30
2 2.23
4 2.12
8 2.12
16 2.01
32 2.07
64 2.00
128 2.12
256 2.17
512 2.37
1024 2.81
2048 3.44
4096 5.37
8192 11.99
16384 25.98
32768 50.96
65536 96.23
131072 14.31
262144 28.51
524288 60.38
1048576 129.41

# OSU MPI Allgather Latency Test v5.6.2
# Size       Avg Latency(us)
1 1.94
2 1.88
4 1.79
8 1.75
16 1.73
32 1.79
64 1.72
128 1.84
256 1.90
512 2.09
1024 2.46
2048 3.22
4096 4.75
8192 7.53
16384 19.41
32768 49.73
65536 102.46
131072 16.60
262144 32.05
524288 67.17
1048576 140.38

# OSU MPI Allgather Latency Test v5.6.2
# Size       Avg Latency(us)
1 2.03
2 1.88
4 1.86
8 1.79
16 1.78
32 1.81
64 1.77
128 1.89
256 1.94
512 2.15
1024 2.52
2048 3.27
4096 4.88
8192 12.24
16384 27.80
32768 57.24
65536 96.63
131072 14.70
262144 28.90
524288 60.80
1048576 129.52

# OSU MPI Allgather Latency Test v5.6.2
# Size       Avg Latency(us)
1 1.81
2 1.70
4 1.69
8 1.65
16 1.63
32 1.72
64 1.66
128 1.77
256 1.84
512 2.03
1024 2.44
2048 3.15
4096 4.73
8192 7.49
16384 19.19
32768 41.10
65536 102.29
131072 17.52
262144 33.65
524288 67.89
1048576 142.09

# OSU MPI Allgather Latency Test v5.6.2
# Size       Avg Latency(us)
1 1.99
2 1.85
4 1.80
8 1.77
16 1.73
32 1.76
64 1.72
128 1.89
256 1.93
512 2.14
1024 2.50
2048 3.23
4096 4.80
8192 10.02
16384 27.30
32768 56.44
65536 99.54
131072 16.07
262144 30.59
524288 64.07
1048576 133.62

# OSU MPI Allgather Latency Test v5.6.2
# Size       Avg Latency(us)
1 2.16
2 2.07
4 2.00
8 1.92
16 1.90
32 1.92
64 1.90
128 1.99
256 2.08
512 2.28
1024 2.69
2048 4.46
4096 7.78
8192 11.89
16384 25.12
32768 53.27
65536 93.16
131072 14.15
262144 27.44
524288 57.73
1048576 128.76

# OSU MPI Allgather Latency Test v5.6.2
# Size       Avg Latency(us)
1 1.87
2 1.78
4 1.76
8 1.70
16 1.70
32 1.71
64 1.73
128 1.88
256 1.93
512 2.16
1024 2.58
2048 5.70
4096 8.09
8192 11.99
16384 25.49
32768 54.33
65536 92.48
131072 14.68
262144 27.29
524288 59.54
1048576 169.99
