
# OSU MPI Allgather Latency Test v5.6.2
# Size       Avg Latency(us)
1 4.19
2 3.99
4 3.92
8 3.86
16 4.03
32 4.20
64 4.37
128 4.72
256 5.35
512 6.37
1024 8.51
2048 12.94
4096 25.13
8192 9.78
16384 10.51
32768 11.73
65536 14.37
131072 21.21
262144 36.14
524288 66.98
1048576 175.23

# OSU MPI Allgather Latency Test v5.6.2
# Size       Avg Latency(us)
1 4.07
2 3.87
4 3.71
8 3.62
16 3.74
32 3.79
64 4.09
128 4.30
256 5.76
512 6.73
1024 8.88
2048 13.64
4096 26.72
8192 8.83
16384 9.34
32768 11.37
65536 12.94
131072 19.53
262144 32.87
524288 63.44
1048576 181.53

# OSU MPI Allgather Latency Test v5.6.2
# Size       Avg Latency(us)
1 4.19
2 4.08
4 4.01
8 4.00
16 4.08
32 4.19
64 4.42
128 5.87
256 6.29
512 7.30
1024 9.36
2048 13.63
4096 24.76
8192 10.47
16384 11.11
32768 11.84
65536 14.03
131072 20.23
262144 33.34
524288 62.77
1048576 253.18

# OSU MPI Allgather Latency Test v5.6.2
# Size       Avg Latency(us)
1 3.94
2 3.91
4 3.83
8 3.81
16 3.93
32 4.48
64 4.82
128 5.20
256 5.85
512 6.81
1024 9.62
2048 14.73
4096 27.80
8192 10.26
16384 10.80
32768 11.83
65536 14.04
131072 19.69
262144 31.75
524288 59.79
1048576 176.15

# OSU MPI Allgather Latency Test v5.6.2
# Size       Avg Latency(us)
1 4.24
2 3.99
4 3.81
8 3.75
16 3.94
32 3.96
64 4.56
128 5.10
256 5.66
512 6.68
1024 8.86
2048 13.99
4096 25.06
8192 10.29
16384 11.00
32768 12.14
65536 14.11
131072 20.04
262144 32.35
524288 59.95
1048576 182.88

# OSU MPI Allgather Latency Test v5.6.2
# Size       Avg Latency(us)
1 4.34
2 4.16
4 4.04
8 4.02
16 4.15
32 4.31
64 4.70
128 5.27
256 5.84
512 7.02
1024 9.37
2048 14.40
4096 26.39
8192 10.43
16384 11.08
32768 12.43
65536 14.83
131072 20.98
262144 33.98
524288 63.69
1048576 198.31

# OSU MPI Allgather Latency Test v5.6.2
# Size       Avg Latency(us)
1 4.62
2 4.32
4 4.17
8 4.04
16 4.22
32 4.32
64 4.61
128 5.06
256 5.64
512 6.68
1024 8.90
2048 13.40
4096 23.16
8192 10.30
16384 11.18
32768 12.56
65536 14.52
131072 20.49
262144 33.39
524288 62.11
1048576 210.76

# OSU MPI Allgather Latency Test v5.6.2
# Size       Avg Latency(us)
1 4.17
2 3.98
4 3.80
8 3.68
16 3.85
32 3.83
64 4.53
128 4.97
256 5.55
512 6.68
1024 9.10
2048 13.93
4096 27.23
8192 10.70
16384 11.31
32768 12.63
65536 14.92
131072 20.92
262144 34.19
524288 63.99
1048576 168.37

# OSU MPI Allgather Latency Test v5.6.2
# Size       Avg Latency(us)
1 3.85
2 3.61
4 3.50
8 3.47
16 3.71
32 3.78
64 4.16
128 5.34
256 5.85
512 6.91
1024 9.16
2048 14.01
4096 27.92
8192 10.34
16384 11.06
32768 12.40
65536 14.56
131072 20.90
262144 33.16
524288 62.79
1048576 173.53

# OSU MPI Allgather Latency Test v5.6.2
# Size       Avg Latency(us)
1 4.00
2 3.77
4 3.69
8 3.55
16 3.75
32 3.77
64 4.08
128 5.34
256 5.88
512 6.99
1024 9.19
2048 14.00
4096 27.31
8192 10.93
16384 11.75
32768 12.99
65536 14.74
131072 21.56
262144 36.06
524288 65.80
1048576 177.27

# OSU MPI Allgather Latency Test v5.6.2
# Size       Avg Latency(us)
1 3.62
2 3.57
4 3.46
8 3.43
16 3.60
32 5.16
64 4.24
128 4.65
256 5.31
512 6.36
1024 8.74
2048 13.85
4096 27.06
8192 10.54
16384 11.41
32768 12.28
65536 14.77
131072 20.71
262144 32.92
524288 62.68
1048576 175.38

# OSU MPI Allgather Latency Test v5.6.2
# Size       Avg Latency(us)
1 4.08
2 3.90
4 3.77
8 3.65
16 3.88
32 3.89
64 4.59
128 5.16
256 5.78
512 6.80
1024 9.33
2048 14.15
4096 27.68
8192 10.06
16384 10.90
32768 11.52
65536 13.77
131072 20.02
262144 33.05
524288 62.48
1048576 177.57

# OSU MPI Allgather Latency Test v5.6.2
# Size       Avg Latency(us)
1 4.48
2 4.18
4 4.02
8 3.92
16 4.16
32 4.38
64 4.73
128 5.08
256 5.54
512 6.58
1024 8.73
2048 13.39
4096 25.44
8192 10.67
16384 11.35
32768 12.38
65536 14.56
131072 20.96
262144 33.02
524288 62.57
1048576 181.55

# OSU MPI Allgather Latency Test v5.6.2
# Size       Avg Latency(us)
1 4.57
2 4.40
4 4.26
8 4.15
16 4.35
32 4.45
64 4.48
128 4.82
256 5.33
512 6.37
1024 8.46
2048 13.00
4096 22.74
8192 10.77
16384 11.65
32768 12.62
65536 14.68
131072 20.50
262144 32.09
524288 60.32
1048576 172.14

# OSU MPI Allgather Latency Test v5.6.2
# Size       Avg Latency(us)
1 4.38
2 4.17
4 4.06
8 4.00
16 4.20
32 4.24
64 4.45
128 4.75
256 5.25
512 6.31
1024 8.52
2048 13.06
4096 24.13
8192 9.75
16384 10.41
32768 11.47
65536 13.62
131072 18.85
262144 31.07
524288 59.05
1048576 167.19

# OSU MPI Allgather Latency Test v5.6.2
# Size       Avg Latency(us)
1 4.67
2 4.46
4 4.36
8 4.22
16 4.46
32 4.47
64 4.63
128 4.77
256 5.31
512 6.34
1024 8.56
2048 13.44
4096 26.56
8192 10.53
16384 11.30
32768 12.39
65536 14.13
131072 20.07
262144 32.35
524288 61.03
1048576 178.50

# OSU MPI Allgather Latency Test v5.6.2
# Size       Avg Latency(us)
1 4.68
2 4.42
4 4.30
8 4.17
16 4.36
32 4.32
64 4.42
128 4.74
256 5.26
512 6.33
1024 8.45
2048 13.06
4096 26.48
8192 8.23
16384 9.13
32768 9.88
65536 11.80
131072 17.87
262144 31.03
524288 59.65
1048576 165.91

# OSU MPI Allgather Latency Test v5.6.2
# Size       Avg Latency(us)
1 4.72
2 4.58
4 4.48
8 4.46
16 4.60
32 4.65
64 5.01
128 5.37
256 5.83
512 6.93
1024 9.14
2048 14.09
4096 27.42
8192 11.11
16384 11.69
32768 12.83
65536 15.59
131072 23.36
262144 37.67
524288 70.71
1048576 232.93

# OSU MPI Allgather Latency Test v5.6.2
# Size       Avg Latency(us)
1 4.56
2 4.44
4 4.27
8 4.23
16 4.39
32 4.43
64 4.61
128 4.93
256 5.44
512 6.50
1024 8.79
2048 13.28
4096 24.72
8192 10.48
16384 11.38
32768 12.54
65536 14.99
131072 21.16
262144 34.17
524288 63.73
1048576 196.76

# OSU MPI Allgather Latency Test v5.6.2
# Size       Avg Latency(us)
1 4.56
2 4.43
4 4.40
8 4.16
16 4.22
32 4.31
64 4.41
128 4.79
256 5.49
512 6.85
1024 9.25
2048 14.31
4096 27.26
8192 10.42
16384 11.47
32768 12.75
65536 15.10
131072 22.97
262144 40.52
524288 75.11
1048576 254.98
