Flag 0
Flag 1
Flag 2
Flag 3
Flag 4
Flag 5

# OSU MPI Allgather Latency Test v5.6.2
# Size       Avg Latency(us)
1                      25.91
2                      23.77
4                      23.85
8                      24.19
16                     24.64
32                     25.84
64                     27.64
128                    31.14
256                    36.70
512                    45.70
1024                   63.52
2048                   96.29
4096                  162.42
8192                  312.14
16384                 620.83
32768                1411.65
65536                2901.10
131072               5993.42
262144              12402.94
524288              24984.49
1048576             49989.48
2097152             99912.75
Flag 0
Flag 1
Flag 2
Flag 3
Flag 4
Flag 5

# OSU MPI Allgather Latency Test v5.6.2
# Size       Avg Latency(us)
1                      25.88
2                      23.77
4                      23.81
8                      24.18
16                     24.66
32                     25.84
64                     27.59
128                    31.10
256                    36.45
512                    45.72
1024                   63.53
2048                   96.13
4096                  162.23
8192                  313.46
16384                 623.09
32768                1417.69
65536                2901.42
131072               5979.49
262144              12400.96
524288              25032.13
1048576             49933.94
2097152             99750.12
Flag 0
Flag 1
Flag 2
Flag 3
Flag 4
Flag 5

# OSU MPI Allgather Latency Test v5.6.2
# Size       Avg Latency(us)
1                      25.91
2                      23.78
4                      23.88
8                      24.20
16                     24.76
32                     25.83
64                     27.64
128                    31.18
256                    36.61
512                    45.59
1024                   63.31
2048                   95.76
4096                  162.23
8192                  312.91
16384                 625.47
32768                1414.08
65536                2900.96
131072               5992.24
262144              12411.33
524288              25001.41
1048576             49838.28
2097152             99830.61
Flag 0
Flag 1
Flag 2
Flag 3
Flag 4
Flag 5

# OSU MPI Allgather Latency Test v5.6.2
# Size       Avg Latency(us)
1                      25.82
2                      23.79
4                      23.86
8                      24.17
16                     24.64
32                     25.90
64                     27.57
128                    31.10
256                    36.43
512                    45.73
1024                   63.49
2048                   96.10
4096                  162.26
8192                  311.86
16384                 622.65
32768                1412.75
65536                2898.04
131072               5995.03
262144              12422.33
524288              24976.84
1048576             50037.92
2097152            100072.88
Flag 0
Flag 1
Flag 2
Flag 3
Flag 4
Flag 5

# OSU MPI Allgather Latency Test v5.6.2
# Size       Avg Latency(us)
1                      25.96
2                      23.77
4                      23.85
8                      24.26
16                     24.68
32                     25.86
64                     27.68
128                    31.26
256                    36.50
512                    45.72
1024                   63.40
2048                   95.83
4096                  162.56
8192                  312.63
16384                 627.62
32768                1413.92
65536                2896.79
131072               5996.70
262144              12415.79
524288              24994.14
1048576             49886.83
2097152             99743.81
Flag 0
Flag 1
Flag 2
Flag 3
Flag 4
Flag 5

# OSU MPI Allgather Latency Test v5.6.2
# Size       Avg Latency(us)
1                      25.91
2                      23.83
4                      23.89
8                      24.22
16                     24.73
32                     25.88
64                     27.63
128                    31.12
256                    36.63
512                    45.66
1024                   63.43
2048                   95.67
4096                  162.00
8192                  313.25
16384                 623.77
32768                1409.29
65536                2900.09
131072               6000.85
262144              12412.14
524288              24981.78
1048576             49962.54
2097152             99780.28
Flag 0
Flag 1
Flag 2
Flag 3
Flag 4
Flag 5

# OSU MPI Allgather Latency Test v5.6.2
# Size       Avg Latency(us)
1                      25.92
2                      23.77
4                      23.92
8                      24.18
16                     24.71
32                     25.91
64                     27.72
128                    31.15
256                    36.44
512                    45.71
1024                   63.45
2048                   95.99
4096                  162.18
8192                  312.14
16384                 624.78
32768                1405.37
65536                2899.01
131072               5994.44
262144              12368.97
524288              24960.30
1048576             49992.98
2097152             99913.66
Flag 0
Flag 1
Flag 2
Flag 3
Flag 4
Flag 5

# OSU MPI Allgather Latency Test v5.6.2
# Size       Avg Latency(us)
1                      26.06
2                      24.06
4                      24.07
8                      24.46
16                     24.94
32                     26.11
64                     27.86
128                    31.38
256                    36.48
512                    45.61
1024                   63.32
2048                   95.94
4096                  161.95
8192                  314.40
16384                 624.19
32768                1413.85
65536                2900.72
131072               6024.15
262144              12438.13
524288              25035.46
1048576             49915.36
2097152             99701.07
Flag 0
Flag 1
Flag 2
Flag 3
Flag 4
Flag 5

# OSU MPI Allgather Latency Test v5.6.2
# Size       Avg Latency(us)
1                      25.80
2                      23.80
4                      23.87
8                      24.20
16                     24.69
32                     25.83
64                     27.60
128                    31.09
256                    36.42
512                    45.70
1024                   63.74
2048                   95.99
4096                  162.71
8192                  311.70
16384                 624.42
32768                1412.90
65536                2905.32
131072               5992.00
262144              12426.42
524288              24979.01
1048576             49991.36
2097152             99460.70
Flag 0
Flag 1
Flag 2
Flag 3
Flag 4
Flag 5

# OSU MPI Allgather Latency Test v5.6.2
# Size       Avg Latency(us)
1                      25.84
2                      23.79
4                      24.03
8                      24.25
16                     24.70
32                     25.90
64                     27.70
128                    31.28
256                    36.54
512                    45.70
1024                   63.33
2048                   96.07
4096                  162.38
8192                  311.93
16384                 619.32
32768                1421.80
65536                2896.13
131072               5993.24
262144              12404.47
524288              25002.13
1048576             49777.18
2097152             99886.83
Flag 0
Flag 1
Flag 2
Flag 3
Flag 4
Flag 5

# OSU MPI Allgather Latency Test v5.6.2
# Size       Avg Latency(us)
1                      25.94
2                      23.77
4                      23.84
8                      24.17
16                     24.64
32                     25.82
64                     27.61
128                    31.06
256                    36.52
512                    45.70
1024                   63.56
2048                   95.91
4096                  162.07
8192                  311.40
16384                 625.48
32768                1415.10
65536                2902.02
131072               5987.77
262144              12423.47
524288              25036.78
1048576             49921.88
2097152             99910.74
Flag 0
Flag 1
Flag 2
Flag 3
Flag 4
Flag 5

# OSU MPI Allgather Latency Test v5.6.2
# Size       Avg Latency(us)
1                      25.86
2                      23.77
4                      23.79
8                      24.15
16                     24.61
32                     25.93
64                     27.60
128                    31.17
256                    36.42
512                    45.65
1024                   63.43
2048                   95.84
4096                  162.33
8192                  312.72
16384                 622.94
32768                1416.56
65536                2898.87
131072               5991.67
262144              12414.40
524288              24987.06
1048576             49901.42
2097152             99971.01
Flag 0
Flag 1
Flag 2
Flag 3
Flag 4
Flag 5

# OSU MPI Allgather Latency Test v5.6.2
# Size       Avg Latency(us)
1                      25.92
2                      23.84
4                      23.87
8                      24.28
16                     24.64
32                     25.90
64                     27.71
128                    31.27
256                    36.33
512                    45.63
1024                   63.19
2048                   95.83
4096                  161.59
8192                  311.40
16384                 619.23
32768                1416.46
65536                2901.43
131072               5985.99
262144              12407.01
524288              24972.02
1048576             49928.11
2097152             99994.55
Flag 0
Flag 1
Flag 2
Flag 3
Flag 4
Flag 5

# OSU MPI Allgather Latency Test v5.6.2
# Size       Avg Latency(us)
1                      25.89
2                      23.74
4                      23.81
8                      24.18
16                     24.66
32                     25.79
64                     27.62
128                    31.06
256                    36.47
512                    45.68
1024                   63.42
2048                   95.95
4096                  162.18
8192                  311.44
16384                 620.72
32768                1422.32
65536                2901.58
131072               5996.57
262144              12420.65
524288              24987.25
1048576             49963.31
2097152            100046.79
Flag 0
Flag 1
Flag 2
Flag 3
Flag 4
Flag 5

# OSU MPI Allgather Latency Test v5.6.2
# Size       Avg Latency(us)
1                      25.84
2                      23.82
4                      23.88
8                      24.26
16                     24.71
32                     25.87
64                     27.65
128                    31.25
256                    36.50
512                    45.77
1024                   63.57
2048                   95.98
4096                  162.61
8192                  313.22
16384                 623.95
32768                1422.33
65536                2897.97
131072               6002.34
262144              12412.35
524288              25006.55
1048576             49996.80
2097152             99836.50
