Flag 0
Flag 1
Flag 2
Flag 3
Flag 4
Flag 5

# OSU MPI Allgather Latency Test v5.6.2
# Size       Avg Latency(us)
1                      27.24
2                      24.67
4                      24.73
8                      25.05
16                     25.46
32                     26.67
64                     28.37
128                    32.05
256                    38.02
512                    48.02
1024                   67.52
2048                  103.71
4096                  194.41
8192                  428.34
16384                1173.85
32768                4646.68
65536                9800.49
131072              20747.24
262144              44029.39
524288              87083.00
1048576            166985.32
2097152            337367.09
Flag 0
Flag 1
Flag 2
Flag 3
Flag 4
Flag 5

# OSU MPI Allgather Latency Test v5.6.2
# Size       Avg Latency(us)
1                      27.18
2                      24.58
4                      24.74
8                      25.09
16                     25.46
32                     26.74
64                     28.43
128                    32.15
256                    37.95
512                    48.02
1024                   67.54
2048                  103.65
4096                  193.93
8192                  427.10
16384                1178.24
32768                4760.30
65536                9742.68
131072              20625.37
262144              44068.54
524288              87002.01
1048576            166719.60
2097152            336712.03
Flag 0
Flag 1
Flag 2
Flag 3
Flag 4
Flag 5

# OSU MPI Allgather Latency Test v5.6.2
# Size       Avg Latency(us)
1                      27.25
2                      24.52
4                      24.72
8                      25.02
16                     25.41
32                     26.81
64                     28.32
128                    32.07
256                    38.04
512                    48.02
1024                   67.54
2048                  103.72
4096                  193.76
8192                  426.37
16384                1185.94
32768                4637.70
65536                9899.05
131072              20730.69
262144              44069.47
524288              86943.88
1048576            166332.28
2097152            337380.97
Flag 0
Flag 1
Flag 2
Flag 3
Flag 4
Flag 5

# OSU MPI Allgather Latency Test v5.6.2
# Size       Avg Latency(us)
1                      27.19
2                      24.48
4                      24.67
8                      24.95
16                     25.38
32                     26.69
64                     28.32
128                    32.02
256                    37.96
512                    48.06
1024                   67.58
2048                  103.48
4096                  193.70
8192                  423.66
16384                1175.65
32768                4645.99
65536                9824.20
131072              20699.42
262144              44136.45
524288              87196.20
1048576            166932.83
2097152            337078.70
Flag 0
Flag 1
Flag 2
Flag 3
Flag 4
Flag 5

# OSU MPI Allgather Latency Test v5.6.2
# Size       Avg Latency(us)
1                      27.19
2                      24.62
4                      24.71
8                      25.09
16                     25.44
32                     26.73
64                     28.38
128                    32.06
256                    37.99
512                    48.09
1024                   67.57
2048                  103.74
4096                  194.05
8192                  426.22
16384                1172.93
32768                4663.63
65536                9831.41
131072              20795.83
262144              44159.28
524288              87279.75
1048576            166761.05
2097152            336774.00
Flag 0
Flag 1
Flag 2
Flag 3
Flag 4
Flag 5

# OSU MPI Allgather Latency Test v5.6.2
# Size       Avg Latency(us)
1                      27.12
2                      24.60
4                      24.69
8                      25.06
16                     25.50
32                     26.70
64                     28.39
128                    32.03
256                    37.99
512                    48.10
1024                   67.63
2048                  103.48
4096                  193.72
8192                  425.65
16384                1165.54
32768                4755.21
65536                9901.66
131072              20776.83
262144              44367.13
524288              87434.09
1048576            167182.48
2097152            336948.36
Flag 0
Flag 1
Flag 2
Flag 3
Flag 4
Flag 5

# OSU MPI Allgather Latency Test v5.6.2
# Size       Avg Latency(us)
1                      27.20
2                      24.59
4                      24.79
8                      25.08
16                     25.47
32                     26.78
64                     28.51
128                    32.18
256                    38.02
512                    48.18
1024                   67.76
2048                  103.88
4096                  194.11
8192                  426.96
16384                1176.98
32768                4702.58
65536                9875.75
131072              20687.67
262144              44109.58
524288              86992.16
1048576            166619.15
2097152            336820.70
Flag 0
Flag 1
Flag 2
Flag 3
Flag 4
Flag 5

# OSU MPI Allgather Latency Test v5.6.2
# Size       Avg Latency(us)
1                      27.22
2                      24.51
4                      24.68
8                      25.01
16                     25.45
32                     26.70
64                     28.36
128                    32.00
256                    37.90
512                    48.00
1024                   67.51
2048                  103.12
4096                  194.15
8192                  428.41
16384                1171.65
32768                4683.91
65536                9940.16
131072              21031.37
262144              44395.05
524288              87376.00
1048576            167180.93
2097152            337014.47
Flag 0
Flag 1
Flag 2
Flag 3
Flag 4
Flag 5

# OSU MPI Allgather Latency Test v5.6.2
# Size       Avg Latency(us)
1                      27.22
2                      24.51
4                      24.70
8                      24.99
16                     25.35
32                     26.70
64                     28.35
128                    31.99
256                    37.94
512                    48.03
1024                   67.58
2048                  103.71
4096                  193.39
8192                  426.94
16384                1177.86
32768                4595.72
65536                9860.79
131072              20672.65
262144              44217.05
524288              87226.25
1048576            167029.94
2097152            337110.21
Flag 0
Flag 1
Flag 2
Flag 3
Flag 4
Flag 5

# OSU MPI Allgather Latency Test v5.6.2
# Size       Avg Latency(us)
1                      27.35
2                      24.56
4                      24.76
8                      25.01
16                     25.60
32                     26.98
64                     28.67
128                    32.31
256                    38.21
512                    48.40
1024                   67.98
2048                  103.63
4096                  193.46
8192                  428.55
16384                1179.24
32768                4718.31
65536                9954.97
131072              20757.29
262144              44207.80
524288              86953.81
1048576            166855.42
2097152            337419.13
Flag 0
Flag 1
Flag 2
Flag 3
Flag 4
Flag 5

# OSU MPI Allgather Latency Test v5.6.2
# Size       Avg Latency(us)
1                      27.11
2                      24.54
4                      24.68
8                      25.06
16                     25.47
32                     26.69
64                     28.36
128                    32.04
256                    37.98
512                    48.15
1024                   67.65
2048                  103.49
4096                  193.57
8192                  427.08
16384                1170.51
32768                4774.10
65536                9977.28
131072              20742.03
262144              44364.98
524288              87023.97
1048576            167141.88
2097152            337242.63
Flag 0
Flag 1
Flag 2
Flag 3
Flag 4
Flag 5

# OSU MPI Allgather Latency Test v5.6.2
# Size       Avg Latency(us)
1                      27.30
2                      24.62
4                      24.72
8                      25.20
16                     25.51
32                     26.76
64                     28.37
128                    32.19
256                    38.08
512                    48.20
1024                   67.69
2048                  103.80
4096                  193.43
8192                  425.30
16384                1173.88
32768                4708.98
65536                9960.96
131072              20954.46
262144              44519.89
524288              87480.75
1048576            167323.22
2097152            337332.48
Flag 0
Flag 1
Flag 2
Flag 3
Flag 4
Flag 5

# OSU MPI Allgather Latency Test v5.6.2
# Size       Avg Latency(us)
1                      27.11
2                      24.54
4                      24.68
8                      25.06
16                     25.46
32                     26.74
64                     28.38
128                    32.05
256                    37.97
512                    48.05
1024                   67.57
2048                  103.31
4096                  194.04
8192                  426.16
16384                1173.36
32768                4788.74
65536               10146.24
131072              21118.29
262144              44772.78
524288              87608.38
1048576            167716.38
2097152            337370.51
Flag 0
Flag 1
Flag 2
Flag 3
Flag 4
Flag 5

# OSU MPI Allgather Latency Test v5.6.2
# Size       Avg Latency(us)
1                      27.18
2                      24.51
4                      24.71
8                      25.06
16                     25.45
32                     26.76
64                     28.40
128                    32.07
256                    37.92
512                    48.04
1024                   67.53
2048                  103.41
4096                  193.92
8192                  425.97
16384                1169.20
32768                4773.33
65536                9937.35
131072              20990.36
262144              44413.54
524288              87333.87
1048576            167295.38
2097152            337729.15
Flag 0
Flag 1
Flag 2
Flag 3
Flag 4
Flag 5

# OSU MPI Allgather Latency Test v5.6.2
# Size       Avg Latency(us)
1                      27.26
2                      24.55
4                      24.71
8                      25.05
16                     25.52
32                     26.70
64                     28.38
128                    32.04
256                    38.01
512                    48.11
1024                   67.69
2048                  103.55
4096                  193.88
8192                  426.44
16384                1182.01
32768                4642.69
65536                9925.27
131072              20918.92
262144              44207.55
524288              87398.58
1048576            167292.96
2097152            337621.76
