Flag 0
Flag 1
Flag 2
Flag 3
Flag 4
Flag 5

# OSU MPI Allgather Latency Test v5.6.2
# Size       Avg Latency(us)
1                      26.22
2                      24.76
4                      24.85
8                      25.17
16                     25.97
32                     27.47
64                     29.81
128                    33.93
256                    39.32
512                    50.05
1024                   72.38
2048                  108.51
4096                  192.43
8192                  457.24
16384                1012.64
32768                2004.09
65536                4033.16
131072               8312.68
262144              16853.77
524288              33973.15
1048576             67601.42
2097152            161758.85
Flag 0
Flag 1
Flag 2
Flag 3
Flag 4
Flag 5

# OSU MPI Allgather Latency Test v5.6.2
# Size       Avg Latency(us)
1                      26.53
2                      25.01
4                      25.13
8                      25.25
16                     26.09
32                     27.87
64                     29.94
128                    33.85
256                    39.33
512                    50.00
1024                   72.10
2048                  108.39
4096                  192.38
8192                  457.35
16384                1006.79
32768                2001.83
65536                4038.58
131072               8326.52
262144              16879.66
524288              33899.85
1048576             67646.28
2097152            161818.59
Flag 0
Flag 1
Flag 2
Flag 3
Flag 4
Flag 5

# OSU MPI Allgather Latency Test v5.6.2
# Size       Avg Latency(us)
1                      26.81
2                      25.22
4                      25.28
8                      25.79
16                     26.23
32                     28.03
64                     30.13
128                    33.90
256                    39.33
512                    50.14
1024                   72.18
2048                  108.36
4096                  191.45
8192                  453.37
16384                1013.25
32768                2001.79
65536                4038.50
131072               8327.56
262144              16887.70
524288              33861.48
1048576             67632.27
2097152            161741.88
Flag 0
Flag 1
Flag 2
Flag 3
Flag 4
Flag 5

# OSU MPI Allgather Latency Test v5.6.2
# Size       Avg Latency(us)
1                      26.78
2                      25.42
4                      25.30
8                      25.59
16                     26.28
32                     28.22
64                     30.07
128                    33.74
256                    39.37
512                    49.96
1024                   72.04
2048                  108.14
4096                  191.60
8192                  456.79
16384                1006.74
32768                2005.03
65536                4050.27
131072               8330.14
262144              16909.30
524288              33986.84
1048576             67768.57
2097152            161773.88
Flag 0
Flag 1
Flag 2
Flag 3
Flag 4
Flag 5

# OSU MPI Allgather Latency Test v5.6.2
# Size       Avg Latency(us)
1                      26.47
2                      25.01
4                      25.13
8                      25.33
16                     25.99
32                     27.78
64                     29.93
128                    33.77
256                    39.38
512                    49.94
1024                   72.11
2048                  108.19
4096                  191.23
8192                  455.44
16384                1009.12
32768                1998.17
65536                4040.25
131072               8326.51
262144              16863.76
524288              33893.67
1048576             67492.78
2097152            161455.42
Flag 0
Flag 1
Flag 2
Flag 3
Flag 4
Flag 5

# OSU MPI Allgather Latency Test v5.6.2
# Size       Avg Latency(us)
1                      26.30
2                      24.97
4                      24.85
8                      25.21
16                     26.03
32                     27.95
64                     29.85
128                    33.60
256                    39.39
512                    50.06
1024                   72.37
2048                  108.63
4096                  193.00
8192                  460.96
16384                1013.16
32768                2004.24
65536                4039.71
131072               8317.71
262144              16871.15
524288              34022.70
1048576             67516.97
2097152            161807.69
Flag 0
Flag 1
Flag 2
Flag 3
Flag 4
Flag 5

# OSU MPI Allgather Latency Test v5.6.2
# Size       Avg Latency(us)
1                      29.75
2                      27.29
4                      27.29
8                      27.58
16                     28.18
32                     29.90
64                     31.71
128                    35.19
256                    40.00
512                    50.16
1024                   72.17
2048                  108.31
4096                  191.83
8192                  464.86
16384                1014.19
32768                2004.24
65536                4033.64
131072               8311.20
262144              16905.08
524288              33886.54
1048576             67561.36
2097152            161856.44
Flag 0
Flag 1
Flag 2
Flag 3
Flag 4
Flag 5

# OSU MPI Allgather Latency Test v5.6.2
# Size       Avg Latency(us)
1                      28.31
2                      26.42
4                      26.34
8                      26.72
16                     27.22
32                     29.10
64                     30.88
128                    34.62
256                    39.65
512                    50.29
1024                   72.23
2048                  108.27
4096                  191.90
8192                  463.38
16384                1013.40
32768                2002.46
65536                4044.39
131072               8305.91
262144              16961.44
524288              34011.85
1048576             67681.37
2097152            162173.89
Flag 0
Flag 1
Flag 2
Flag 3
Flag 4
Flag 5

# OSU MPI Allgather Latency Test v5.6.2
# Size       Avg Latency(us)
1                      26.22
2                      24.82
4                      24.81
8                      25.17
16                     25.83
32                     27.36
64                     29.94
128                    33.77
256                    39.28
512                    50.00
1024                   72.26
2048                  108.60
4096                  192.37
8192                  465.19
16384                1020.87
32768                2009.13
65536                4035.40
131072               8322.23
262144              16875.07
524288              33978.39
1048576             67584.19
2097152            161924.13
Flag 0
Flag 1
Flag 2
Flag 3
Flag 4
Flag 5

# OSU MPI Allgather Latency Test v5.6.2
# Size       Avg Latency(us)
1                      26.16
2                      24.70
4                      24.60
8                      25.06
16                     25.68
32                     27.42
64                     29.72
128                    33.53
256                    39.44
512                    50.00
1024                   72.20
2048                  108.64
4096                  192.37
8192                  460.28
16384                1018.14
32768                2018.12
65536                4052.31
131072               8321.20
262144              16923.54
524288              34001.64
1048576             67603.38
2097152            161734.84
Flag 0
Flag 1
Flag 2
Flag 3
Flag 4
Flag 5

# OSU MPI Allgather Latency Test v5.6.2
# Size       Avg Latency(us)
1                      26.53
2                      25.04
4                      24.93
8                      25.31
16                     26.02
32                     27.84
64                     29.94
128                    33.69
256                    39.31
512                    49.89
1024                   72.10
2048                  108.17
4096                  191.62
8192                  461.26
16384                1019.61
32768                2011.84
65536                4043.07
131072               8327.04
262144              16843.61
524288              33975.30
1048576             67659.42
2097152            161801.03
Flag 0
Flag 1
Flag 2
Flag 3
Flag 4
Flag 5

# OSU MPI Allgather Latency Test v5.6.2
# Size       Avg Latency(us)
1                      27.94
2                      26.28
4                      25.98
8                      26.28
16                     27.10
32                     28.78
64                     30.75
128                    34.37
256                    39.65
512                    50.19
1024                   72.20
2048                  108.42
4096                  192.05
8192                  457.30
16384                1011.24
32768                2007.79
65536                4040.45
131072               8314.98
262144              16863.74
524288              34004.87
1048576             67575.97
2097152            161818.78
Flag 0
Flag 1
Flag 2
Flag 3
Flag 4
Flag 5

# OSU MPI Allgather Latency Test v5.6.2
# Size       Avg Latency(us)
1                      26.36
2                      24.84
4                      25.11
8                      25.41
16                     26.06
32                     27.75
64                     29.96
128                    33.78
256                    39.34
512                    49.90
1024                   71.95
2048                  107.75
4096                  191.19
8192                  454.95
16384                 996.57
32768                1995.13
65536                4047.73
131072               8291.82
262144              16912.55
524288              34083.94
1048576             67531.72
2097152            162238.21
Flag 0
Flag 1
Flag 2
Flag 3
Flag 4
Flag 5

# OSU MPI Allgather Latency Test v5.6.2
# Size       Avg Latency(us)
1                      26.56
2                      24.95
4                      25.16
8                      25.27
16                     26.07
32                     27.96
64                     30.11
128                    33.82
256                    39.29
512                    50.12
1024                   72.20
2048                  108.54
4096                  193.15
8192                  456.68
16384                1008.59
32768                2005.12
65536                4042.67
131072               8323.71
262144              16841.48
524288              33935.14
1048576             67813.93
2097152            161881.57
Flag 0
Flag 1
Flag 2
Flag 3
Flag 4
Flag 5

# OSU MPI Allgather Latency Test v5.6.2
# Size       Avg Latency(us)
1                      25.95
2                      24.62
4                      24.80
8                      24.95
16                     25.76
32                     27.29
64                     30.17
128                    33.63
256                    39.27
512                    50.12
1024                   72.26
2048                  108.62
4096                  191.94
8192                  460.32
16384                1017.30
32768                2006.10
65536                4035.19
131072               8334.82
262144              16877.27
524288              34024.04
1048576             67710.00
2097152            161326.85
