Flag 0
Flag 1
Flag 2
Flag 3
Flag 4
Flag 5

# OSU MPI Allgather Latency Test v5.6.2
# Size       Avg Latency(us)
1                      27.84
2                      25.96
4                      26.21
8                      26.45
16                     27.23
32                     28.66
64                     31.03
128                    35.09
256                    41.69
512                    53.42
1024                   76.87
2048                  121.68
4096                  258.16
8192                  885.86
16384                4495.57
32768                9707.78
65536               19351.08
131072              38928.57
262144              77650.27
524288             148374.57
1048576            284118.49
2097152            577962.38
Flag 0
Flag 1
Flag 2
Flag 3
Flag 4
Flag 5

# OSU MPI Allgather Latency Test v5.6.2
# Size       Avg Latency(us)
1                      28.00
2                      26.09
4                      26.40
8                      26.57
16                     27.32
32                     28.80
64                     31.06
128                    35.08
256                    41.69
512                    53.53
1024                   77.01
2048                  122.11
4096                  260.17
8192                  897.26
16384                4512.71
32768                9715.03
65536               19403.72
131072              38854.40
262144              77812.14
524288             147930.45
1048576            283834.84
2097152            577382.12
Flag 0
Flag 1
Flag 2
Flag 3
Flag 4
Flag 5

# OSU MPI Allgather Latency Test v5.6.2
# Size       Avg Latency(us)
1                      27.81
2                      26.22
4                      26.46
8                      26.45
16                     27.40
32                     28.75
64                     31.07
128                    35.15
256                    41.80
512                    53.92
1024                   77.18
2048                  121.76
4096                  257.98
8192                  894.12
16384                4508.38
32768                9720.43
65536               19375.43
131072              38846.29
262144              77953.21
524288             147955.95
1048576            283731.63
2097152            577118.89
Flag 0
Flag 1
Flag 2
Flag 3
Flag 4
Flag 5

# OSU MPI Allgather Latency Test v5.6.2
# Size       Avg Latency(us)
1                      28.25
2                      26.28
4                      26.82
8                      26.70
16                     27.39
32                     29.12
64                     31.13
128                    35.15
256                    41.79
512                    53.49
1024                   76.88
2048                  121.18
4096                  254.04
8192                  893.38
16384                4506.64
32768                9719.89
65536               19391.21
131072              38927.18
262144              77698.36
524288             147990.73
1048576            283830.39
2097152            576834.52
Flag 0
Flag 1
Flag 2
Flag 3
Flag 4
Flag 5

# OSU MPI Allgather Latency Test v5.6.2
# Size       Avg Latency(us)
1                      28.03
2                      26.16
4                      26.36
8                      26.59
16                     27.36
32                     28.85
64                     31.21
128                    35.20
256                    41.66
512                    53.58
1024                   76.70
2048                  121.04
4096                  252.13
8192                  877.70
16384                4501.98
32768                9704.76
65536               19396.00
131072              38822.53
262144              77881.15
524288             147986.81
1048576            283732.44
2097152            576748.15
Flag 0
Flag 1
Flag 2
Flag 3
Flag 4
Flag 5

# OSU MPI Allgather Latency Test v5.6.2
# Size       Avg Latency(us)
1                      28.02
2                      26.17
4                      26.42
8                      26.61
16                     27.41
32                     29.06
64                     31.19
128                    35.10
256                    41.80
512                    53.48
1024                   76.92
2048                  121.95
4096                  260.15
8192                  904.25
16384                4512.31
32768                9732.93
65536               19461.51
131072              38993.59
262144              77745.55
524288             148047.45
1048576            283746.34
2097152            577365.13
Flag 0
Flag 1
Flag 2
Flag 3
Flag 4
Flag 5

# OSU MPI Allgather Latency Test v5.6.2
# Size       Avg Latency(us)
1                      29.91
2                      27.23
4                      27.47
8                      28.00
16                     28.71
32                     30.07
64                     31.97
128                    35.63
256                    41.91
512                    53.51
1024                   76.97
2048                  121.93
4096                  260.49
8192                  902.32
16384                4506.99
32768                9723.07
65536               19426.84
131072              38937.30
262144              77787.11
524288             148317.74
1048576            283866.16
2097152            576918.52
Flag 0
Flag 1
Flag 2
Flag 3
Flag 4
Flag 5

# OSU MPI Allgather Latency Test v5.6.2
# Size       Avg Latency(us)
1                      30.25
2                      27.20
4                      27.50
8                      27.60
16                     28.48
32                     30.30
64                     31.99
128                    35.92
256                    42.17
512                    53.65
1024                   77.06
2048                  121.95
4096                  260.47
8192                  883.13
16384                4531.63
32768                9681.24
65536               19397.09
131072              38895.94
262144              77856.46
524288             148255.96
1048576            283668.40
2097152            577416.89
Flag 0
Flag 1
Flag 2
Flag 3
Flag 4
Flag 5

# OSU MPI Allgather Latency Test v5.6.2
# Size       Avg Latency(us)
1                      27.82
2                      25.93
4                      26.15
8                      26.48
16                     27.21
32                     28.59
64                     30.91
128                    35.08
256                    41.70
512                    53.60
1024                   77.02
2048                  122.64
4096                  261.74
8192                  904.09
16384                4514.39
32768                9719.55
65536               19395.57
131072              38928.80
262144              77967.96
524288             147994.23
1048576            283647.47
2097152            577252.76
Flag 0
Flag 1
Flag 2
Flag 3
Flag 4
Flag 5

# OSU MPI Allgather Latency Test v5.6.2
# Size       Avg Latency(us)
1                      27.46
2                      25.80
4                      25.99
8                      26.25
16                     27.00
32                     28.52
64                     30.80
128                    34.88
256                    41.61
512                    53.50
1024                   76.93
2048                  121.57
4096                  258.76
8192                  896.42
16384                4514.13
32768                9730.86
65536               19427.20
131072              38889.96
262144              78005.39
524288             148323.37
1048576            283692.30
2097152            577443.82
Flag 0
Flag 1
Flag 2
Flag 3
Flag 4
Flag 5

# OSU MPI Allgather Latency Test v5.6.2
# Size       Avg Latency(us)
1                      27.51
2                      25.74
4                      25.98
8                      26.22
16                     26.98
32                     28.45
64                     30.88
128                    34.97
256                    41.68
512                    53.45
1024                   77.13
2048                  121.84
4096                  258.08
8192                  900.16
16384                4498.96
32768                9700.00
65536               19395.09
131072              38909.11
262144              77835.99
524288             147949.43
1048576            283817.78
2097152            578212.01
Flag 0
Flag 1
Flag 2
Flag 3
Flag 4
Flag 5

# OSU MPI Allgather Latency Test v5.6.2
# Size       Avg Latency(us)
1                      29.47
2                      27.21
4                      27.65
8                      27.59
16                     28.26
32                     29.68
64                     31.69
128                    35.75
256                    41.94
512                    53.63
1024                   76.85
2048                  121.33
4096                  253.51
8192                  897.34
16384                4510.53
32768                9733.24
65536               19426.77
131072              38914.34
262144              78045.13
524288             148233.37
1048576            283805.19
2097152            576423.30
Flag 0
Flag 1
Flag 2
Flag 3
Flag 4
Flag 5

# OSU MPI Allgather Latency Test v5.6.2
# Size       Avg Latency(us)
1                      27.86
2                      26.09
4                      26.44
8                      26.53
16                     27.41
32                     28.84
64                     31.06
128                    35.13
256                    41.78
512                    53.53
1024                   76.95
2048                  121.58
4096                  260.17
8192                  902.88
16384                4499.80
32768                9708.90
65536               19411.56
131072              38853.35
262144              77851.31
524288             148397.60
1048576            283650.97
2097152            576927.23
Flag 0
Flag 1
Flag 2
Flag 3
Flag 4
Flag 5

# OSU MPI Allgather Latency Test v5.6.2
# Size       Avg Latency(us)
1                      30.34
2                      27.26
4                      27.55
8                      27.81
16                     28.83
32                     30.41
64                     32.12
128                    36.16
256                    42.16
512                    53.77
1024                   77.44
2048                  121.99
4096                  263.67
8192                  892.49
16384                4512.52
32768                9706.90
65536               19395.96
131072              38856.45
262144              77738.80
524288             147858.36
1048576            283460.61
2097152            577941.93
Flag 0
Flag 1
Flag 2
Flag 3
Flag 4
Flag 5

# OSU MPI Allgather Latency Test v5.6.2
# Size       Avg Latency(us)
1                      27.49
2                      25.75
4                      25.98
8                      26.23
16                     27.04
32                     28.47
64                     30.86
128                    34.96
256                    41.74
512                    53.48
1024                   76.88
2048                  121.85
4096                  259.53
8192                  909.77
16384                4510.68
32768                9705.99
65536               19389.21
131072              38891.70
262144              77877.24
524288             148387.99
1048576            283863.36
2097152            577623.23
