Flag 0
Flag 1
Flag 2
Flag 3
Flag 4
Flag 5

# OSU MPI Allgather Latency Test v5.6.2
# Size       Avg Latency(us)
1                      10.98
2                       9.28
4                       9.58
8                       9.63
16                     10.41
32                     11.44
64                     12.76
128                    16.87
256                    42.69
512                    43.33
1024                   38.23
2048                   44.95
4096                   75.29
8192                  196.64
16384                 434.06
32768                 854.05
65536                1680.31
131072               3512.65
262144               7527.89
524288              15550.23
1048576             30533.15
2097152             60755.58
Flag 0
Flag 1
Flag 2
Flag 3
Flag 4
Flag 5

# OSU MPI Allgather Latency Test v5.6.2
# Size       Avg Latency(us)
1                      10.93
2                       9.30
4                       9.58
8                       9.57
16                     10.42
32                     11.39
64                     12.75
128                    16.89
256                    42.52
512                    43.64
1024                   38.18
2048                   44.97
4096                   75.18
8192                  197.68
16384                 432.07
32768                 854.00
65536                1682.52
131072               3523.26
262144               7547.32
524288              15503.94
1048576             30551.87
2097152             60767.78
Flag 0
Flag 1
Flag 2
Flag 3
Flag 4
Flag 5

# OSU MPI Allgather Latency Test v5.6.2
# Size       Avg Latency(us)
1                      11.92
2                       9.28
4                       9.58
8                       9.60
16                     10.38
32                     11.34
64                     12.82
128                    16.87
256                    42.40
512                    43.19
1024                   37.79
2048                   44.97
4096                   75.42
8192                  198.06
16384                 434.10
32768                 856.34
65536                1684.25
131072               3537.76
262144               7574.47
524288              15565.51
1048576             30565.71
2097152             60770.95
Flag 0
Flag 1
Flag 2
Flag 3
Flag 4
Flag 5

# OSU MPI Allgather Latency Test v5.6.2
# Size       Avg Latency(us)
1                      10.95
2                       9.28
4                       9.59
8                       9.60
16                     10.38
32                     11.37
64                     12.81
128                    17.02
256                    42.37
512                    43.76
1024                   37.89
2048                   44.79
4096                   75.43
8192                  197.85
16384                 433.36
32768                 854.13
65536                1682.00
131072               3517.16
262144               7553.17
524288              15487.65
1048576             30472.63
2097152             60668.24
Flag 0
Flag 1
Flag 2
Flag 3
Flag 4
Flag 5

# OSU MPI Allgather Latency Test v5.6.2
# Size       Avg Latency(us)
1                      11.23
2                       9.35
4                       9.58
8                       9.59
16                     10.36
32                     11.37
64                     12.65
128                    16.95
256                    42.32
512                    43.65
1024                   38.22
2048                   44.90
4096                   74.94
8192                  197.11
16384                 432.83
32768                 857.88
65536                1688.82
131072               3512.09
262144               7527.76
524288              15517.67
1048576             30594.77
2097152             60734.18
Flag 0
Flag 1
Flag 2
Flag 3
Flag 4
Flag 5

# OSU MPI Allgather Latency Test v5.6.2
# Size       Avg Latency(us)
1                      10.95
2                       9.28
4                       9.58
8                       9.58
16                     10.38
32                     11.42
64                     12.77
128                    16.77
256                    42.25
512                    43.41
1024                   38.00
2048                   44.84
4096                   76.30
8192                  197.98
16384                 432.27
32768                 855.03
65536                1688.94
131072               3569.08
262144               7564.20
524288              15584.89
1048576             30592.96
2097152             60741.79
Flag 0
Flag 1
Flag 2
Flag 3
Flag 4
Flag 5

# OSU MPI Allgather Latency Test v5.6.2
# Size       Avg Latency(us)
1                      11.00
2                       9.27
4                       9.58
8                       9.70
16                     10.44
32                     11.39
64                     12.69
128                    16.96
256                    42.52
512                    43.69
1024                   38.36
2048                   45.21
4096                   75.30
8192                  197.65
16384                 434.15
32768                 854.27
65536                1678.67
131072               3526.73
262144               7567.37
524288              15591.13
1048576             30750.52
2097152             60871.09
Flag 0
Flag 1
Flag 2
Flag 3
Flag 4
Flag 5

# OSU MPI Allgather Latency Test v5.6.2
# Size       Avg Latency(us)
1                      11.02
2                       9.26
4                       9.57
8                       9.61
16                     10.41
32                     11.50
64                     12.71
128                    17.06
256                    42.64
512                    44.29
1024                   38.07
2048                   44.83
4096                   75.27
8192                  197.88
16384                 433.73
32768                 856.25
65536                1687.33
131072               3561.75
262144               7606.92
524288              15582.74
1048576             30535.69
2097152             60697.13
Flag 0
Flag 1
Flag 2
Flag 3
Flag 4
Flag 5

# OSU MPI Allgather Latency Test v5.6.2
# Size       Avg Latency(us)
1                      11.05
2                       9.30
4                       9.57
8                       9.60
16                     10.41
32                     11.42
64                     12.81
128                    17.02
256                    42.19
512                    43.28
1024                   37.79
2048                   44.94
4096                   74.99
8192                  197.89
16384                 435.59
32768                 860.16
65536                1684.72
131072               3580.28
262144               7651.97
524288              15623.61
1048576             30599.08
2097152             60733.95
Flag 0
Flag 1
Flag 2
Flag 3
Flag 4
Flag 5

# OSU MPI Allgather Latency Test v5.6.2
# Size       Avg Latency(us)
1                      11.00
2                       9.30
4                       9.61
8                       9.61
16                     10.40
32                     11.42
64                     12.74
128                    16.82
256                    42.50
512                    44.18
1024                   37.85
2048                   45.00
4096                   75.13
8192                  196.94
16384                 432.00
32768                 853.20
65536                1680.75
131072               3552.25
262144               7588.05
524288              15660.02
1048576             30710.62
2097152             60900.43
Flag 0
Flag 1
Flag 2
Flag 3
Flag 4
Flag 5

# OSU MPI Allgather Latency Test v5.6.2
# Size       Avg Latency(us)
1                      11.02
2                       9.27
4                       9.58
8                       9.62
16                     10.42
32                     11.41
64                     12.65
128                    17.00
256                    42.42
512                    43.48
1024                   37.89
2048                   44.93
4096                   75.29
8192                  197.47
16384                 433.18
32768                 853.84
65536                1684.56
131072               3525.85
262144               7515.58
524288              15516.25
1048576             30588.65
2097152             60789.52
Flag 0
Flag 1
Flag 2
Flag 3
Flag 4
Flag 5

# OSU MPI Allgather Latency Test v5.6.2
# Size       Avg Latency(us)
1                      10.95
2                       9.29
4                       9.58
8                       9.65
16                     10.42
32                     11.42
64                     12.69
128                    17.02
256                    42.97
512                    43.48
1024                   38.39
2048                   44.92
4096                   74.93
8192                  198.66
16384                 434.80
32768                 857.17
65536                1687.74
131072               3520.46
262144               7515.14
524288              15493.12
1048576             30551.87
2097152             60865.59
Flag 0
Flag 1
Flag 2
Flag 3
Flag 4
Flag 5

# OSU MPI Allgather Latency Test v5.6.2
# Size       Avg Latency(us)
1                      11.11
2                       9.32
4                       9.68
8                       9.63
16                     10.40
32                     11.37
64                     12.75
128                    17.09
256                    42.25
512                    43.25
1024                   37.88
2048                   44.88
4096                   74.88
8192                  196.98
16384                 432.25
32768                 855.20
65536                1684.69
131072               3543.53
262144               7553.92
524288              15570.58
1048576             30613.24
2097152             60798.47
Flag 0
Flag 1
Flag 2
Flag 3
Flag 4
Flag 5

# OSU MPI Allgather Latency Test v5.6.2
# Size       Avg Latency(us)
1                      10.96
2                       9.29
4                       9.57
8                       9.71
16                     10.42
32                     11.43
64                     12.73
128                    16.84
256                    42.72
512                    43.09
1024                   37.91
2048                   45.06
4096                   75.29
8192                  198.09
16384                 434.41
32768                 854.35
65536                1681.75
131072               3532.48
262144               7538.28
524288              15562.31
1048576             30623.07
2097152             60863.85
Flag 0
Flag 1
Flag 2
Flag 3
Flag 4
Flag 5

# OSU MPI Allgather Latency Test v5.6.2
# Size       Avg Latency(us)
1                      10.96
2                       9.29
4                       9.57
8                       9.60
16                     10.38
32                     11.38
64                     12.71
128                    16.98
256                    42.62
512                    42.79
1024                   38.24
2048                   44.99
4096                   75.27
8192                  196.82
16384                 433.08
32768                 854.82
65536                1681.71
131072               3554.99
262144               7556.45
524288              15492.54
1048576             30596.83
2097152             60802.42
