Flag 0
Flag 1
Flag 2
Flag 3
Flag 4
Flag 5

# OSU MPI Allgather Latency Test v5.6.2
# Size       Avg Latency(us)
1                      12.16
2                      10.18
4                      10.71
8                      10.45
16                     10.49
32                     11.87
64                     15.20
128                    21.93
256                    18.69
512                    26.45
1024                   30.49
2048                   45.02
4096                   72.05
8192                  173.36
16384                 352.53
32768                 855.24
65536                2106.50
131072               7867.22
262144              16214.10
524288              27833.61
1048576             44130.28
2097152             75456.53
Flag 0
Flag 1
Flag 2
Flag 3
Flag 4
Flag 5

# OSU MPI Allgather Latency Test v5.6.2
# Size       Avg Latency(us)
1                      12.14
2                      10.21
4                      10.66
8                      10.49
16                     10.54
32                     11.91
64                     15.25
128                    22.44
256                    18.70
512                    25.74
1024                   30.59
2048                   45.17
4096                   71.85
8192                  172.03
16384                 350.90
32768                 851.06
65536                2089.66
131072               7880.38
262144              16208.27
524288              27813.51
1048576             43616.01
2097152             74406.27
Flag 0
Flag 1
Flag 2
Flag 3
Flag 4
Flag 5

# OSU MPI Allgather Latency Test v5.6.2
# Size       Avg Latency(us)
1                      12.16
2                      10.19
4                      10.64
8                      10.53
16                     10.56
32                     11.97
64                     15.27
128                    21.93
256                    18.63
512                    26.02
1024                   30.50
2048                   44.97
4096                   71.96
8192                  172.00
16384                 351.29
32768                 844.43
65536                2079.02
131072               7899.12
262144              16197.70
524288              27797.53
1048576             43850.57
2097152             75429.87
Flag 0
Flag 1
Flag 2
Flag 3
Flag 4
Flag 5

# OSU MPI Allgather Latency Test v5.6.2
# Size       Avg Latency(us)
1                      12.13
2                      10.24
4                      10.65
8                      10.47
16                     10.64
32                     11.92
64                     15.30
128                    22.17
256                    18.78
512                    26.10
1024                   30.74
2048                   44.97
4096                   71.94
8192                  173.12
16384                 351.80
32768                 849.05
65536                2082.46
131072               7887.59
262144              16223.67
524288              27785.66
1048576             44132.39
2097152             75079.46
Flag 0
Flag 1
Flag 2
Flag 3
Flag 4
Flag 5

# OSU MPI Allgather Latency Test v5.6.2
# Size       Avg Latency(us)
1                      12.23
2                      10.23
4                      10.67
8                      10.48
16                     10.54
32                     11.94
64                     15.23
128                    22.54
256                    18.73
512                    26.08
1024                   30.51
2048                   45.02
4096                   71.74
8192                  173.33
16384                 351.41
32768                 850.87
65536                2078.38
131072               7887.96
262144              16208.48
524288              27769.31
1048576             44155.28
2097152             75917.03
Flag 0
Flag 1
Flag 2
Flag 3
Flag 4
Flag 5

# OSU MPI Allgather Latency Test v5.6.2
# Size       Avg Latency(us)
1                      12.20
2                      10.22
4                      10.64
8                      10.45
16                     10.47
32                     11.85
64                     15.21
128                    22.12
256                    18.69
512                    26.43
1024                   30.58
2048                   45.13
4096                   71.47
8192                  172.97
16384                 350.98
32768                 848.97
65536                2098.63
131072               7879.93
262144              16217.40
524288              27828.12
1048576             44114.36
2097152             75904.35
Flag 0
Flag 1
Flag 2
Flag 3
Flag 4
Flag 5

# OSU MPI Allgather Latency Test v5.6.2
# Size       Avg Latency(us)
1                      12.07
2                      10.22
4                      10.65
8                      10.48
16                     10.56
32                     11.93
64                     15.30
128                    22.26
256                    18.71
512                    25.92
1024                   30.55
2048                   44.90
4096                   71.79
8192                  172.92
16384                 351.18
32768                 848.64
65536                2082.99
131072               7905.64
262144              16192.84
524288              27778.01
1048576             44106.23
2097152             75723.68
Flag 0
Flag 1
Flag 2
Flag 3
Flag 4
Flag 5

# OSU MPI Allgather Latency Test v5.6.2
# Size       Avg Latency(us)
1                      12.19
2                      10.24
4                      10.68
8                      10.59
16                     10.55
32                     11.92
64                     15.21
128                    22.12
256                    18.65
512                    26.29
1024                   30.39
2048                   45.02
4096                   71.41
8192                  173.56
16384                 352.82
32768                 844.42
65536                2071.04
131072               7870.34
262144              16233.79
524288              27816.74
1048576             44233.90
2097152             76172.01
Flag 0
Flag 1
Flag 2
Flag 3
Flag 4
Flag 5

# OSU MPI Allgather Latency Test v5.6.2
# Size       Avg Latency(us)
1                      12.09
2                      10.24
4                      10.60
8                      10.51
16                     10.54
32                     11.86
64                     15.24
128                    21.44
256                    18.65
512                    26.09
1024                   30.43
2048                   44.94
4096                   71.53
8192                  172.41
16384                 348.49
32768                 848.20
65536                2073.04
131072               7878.12
262144              16221.72
524288              27804.38
1048576             44146.60
2097152             75336.76
Flag 0
Flag 1
Flag 2
Flag 3
Flag 4
Flag 5

# OSU MPI Allgather Latency Test v5.6.2
# Size       Avg Latency(us)
1                      12.16
2                      10.19
4                      10.64
8                      10.47
16                     10.50
32                     11.93
64                     15.16
128                    21.96
256                    18.71
512                    26.12
1024                   30.44
2048                   45.06
4096                   72.04
8192                  173.19
16384                 351.44
32768                 852.54
65536                2085.11
131072               7880.46
262144              16207.52
524288              27794.13
1048576             44169.70
2097152             75803.13
Flag 0
Flag 1
Flag 2
Flag 3
Flag 4
Flag 5

# OSU MPI Allgather Latency Test v5.6.2
# Size       Avg Latency(us)
1                      12.12
2                      10.20
4                      10.68
8                      10.48
16                     10.56
32                     11.92
64                     15.29
128                    22.51
256                    18.75
512                    26.12
1024                   30.42
2048                   45.05
4096                   71.75
8192                  173.09
16384                 350.79
32768                 844.75
65536                2087.10
131072               7883.18
262144              16220.59
524288              27787.08
1048576             44211.15
2097152             75445.55
Flag 0
Flag 1
Flag 2
Flag 3
Flag 4
Flag 5

# OSU MPI Allgather Latency Test v5.6.2
# Size       Avg Latency(us)
1                      12.20
2                      10.23
4                      10.62
8                      10.48
16                     10.54
32                     11.90
64                     15.42
128                    22.57
256                    18.72
512                    26.35
1024                   30.60
2048                   45.04
4096                   72.02
8192                  173.13
16384                 349.93
32768                 848.67
65536                2104.08
131072               7893.22
262144              16225.52
524288              27831.67
1048576             44299.98
2097152             75932.14
Flag 0
Flag 1
Flag 2
Flag 3
Flag 4
Flag 5

# OSU MPI Allgather Latency Test v5.6.2
# Size       Avg Latency(us)
1                      12.17
2                      10.19
4                      10.64
8                      10.43
16                     10.51
32                     11.87
64                     15.19
128                    21.86
256                    18.66
512                    26.34
1024                   30.46
2048                   44.93
4096                   71.75
8192                  172.38
16384                 351.29
32768                 847.96
65536                2071.95
131072               7886.22
262144              16213.87
524288              27812.06
1048576             44344.73
2097152             76533.36
Flag 0
Flag 1
Flag 2
Flag 3
Flag 4
Flag 5

# OSU MPI Allgather Latency Test v5.6.2
# Size       Avg Latency(us)
1                      12.10
2                      10.19
4                      10.62
8                      10.46
16                     10.59
32                     11.94
64                     15.32
128                    22.49
256                    18.83
512                    26.18
1024                   30.53
2048                   45.07
4096                   72.25
8192                  174.30
16384                 350.87
32768                 855.35
65536                2094.20
131072               7913.36
262144              16223.77
524288              27776.56
1048576             43928.84
2097152             75679.26
Flag 0
Flag 1
Flag 2
Flag 3
Flag 4
Flag 5

# OSU MPI Allgather Latency Test v5.6.2
# Size       Avg Latency(us)
1                      12.12
2                      10.22
4                      10.64
8                      10.49
16                     10.53
32                     11.87
64                     15.14
128                    21.34
256                    18.69
512                    26.26
1024                   30.64
2048                   45.13
4096                   71.98
8192                  173.25
16384                 351.04
32768                 849.98
65536                2068.97
131072               7877.25
262144              16207.73
524288              27744.49
1048576             44269.76
2097152             75850.10
