Flag 0
Flag 1
Flag 2
Flag 3
Flag 4
Flag 5

# OSU MPI Allgather Latency Test v5.6.2
# Size       Avg Latency(us)
1                      15.61
2                      14.04
4                      13.97
8                      14.09
16                     14.66
32                     16.28
64                     18.23
128                    21.64
256                    26.17
512                    34.59
1024                   58.79
2048                  102.30
4096                  195.96
8192                  422.67
16384                1008.10
32768                2413.75
65536                4971.46
131072              10103.78
262144              20443.65
524288              41176.71
1048576             81951.07
2097152            189874.08
Flag 0
Flag 1
Flag 2
Flag 3
Flag 4
Flag 5

# OSU MPI Allgather Latency Test v5.6.2
# Size       Avg Latency(us)
1                      15.11
2                      13.93
4                      13.88
8                      14.00
16                     14.46
32                     15.88
64                     17.90
128                    21.19
256                    26.13
512                    34.60
1024                   58.67
2048                  101.99
4096                  195.29
8192                  415.40
16384                1010.62
32768                2415.05
65536                4976.82
131072              10123.86
262144              20403.89
524288              41187.25
1048576             82020.08
2097152            190795.17
Flag 0
Flag 1
Flag 2
Flag 3
Flag 4
Flag 5

# OSU MPI Allgather Latency Test v5.6.2
# Size       Avg Latency(us)
1                      14.84
2                      13.70
4                      13.64
8                      13.87
16                     14.42
32                     16.13
64                     18.06
128                    21.55
256                    26.36
512                    34.69
1024                   58.85
2048                  102.29
4096                  194.29
8192                  414.92
16384                1004.75
32768                2400.65
65536                4958.07
131072              10093.18
262144              20333.48
524288              41074.28
1048576             81717.58
2097152            190384.63
Flag 0
Flag 1
Flag 2
Flag 3
Flag 4
Flag 5

# OSU MPI Allgather Latency Test v5.6.2
# Size       Avg Latency(us)
1                      15.20
2                      13.93
4                      13.87
8                      14.09
16                     14.48
32                     15.88
64                     17.87
128                    21.17
256                    26.09
512                    34.61
1024                   58.71
2048                  101.89
4096                  193.97
8192                  419.79
16384                1010.25
32768                2401.54
65536                4958.71
131072              10083.90
262144              20386.35
524288              41226.52
1048576             81704.05
2097152            191446.36
Flag 0
Flag 1
Flag 2
Flag 3
Flag 4
Flag 5

# OSU MPI Allgather Latency Test v5.6.2
# Size       Avg Latency(us)
1                      15.28
2                      13.99
4                      13.95
8                      14.09
16                     14.55
32                     15.91
64                     17.89
128                    21.19
256                    26.04
512                    34.46
1024                   58.59
2048                  102.21
4096                  195.21
8192                  419.77
16384                1009.95
32768                2399.33
65536                4946.65
131072              10080.08
262144              20354.15
524288              41176.86
1048576             81658.46
2097152            191239.48
Flag 0
Flag 1
Flag 2
Flag 3
Flag 4
Flag 5

# OSU MPI Allgather Latency Test v5.6.2
# Size       Avg Latency(us)
1                      16.47
2                      14.51
4                      14.53
8                      14.62
16                     15.03
32                     16.61
64                     18.36
128                    21.99
256                    26.14
512                    34.60
1024                   58.59
2048                  102.13
4096                  195.41
8192                  421.36
16384                1011.68
32768                2399.91
65536                4946.25
131072              10073.10
262144              20393.49
524288              40981.00
1048576             81617.79
2097152            191032.65
Flag 0
Flag 1
Flag 2
Flag 3
Flag 4
Flag 5

# OSU MPI Allgather Latency Test v5.6.2
# Size       Avg Latency(us)
1                      15.34
2                      13.86
4                      13.77
8                      14.07
16                     14.46
32                     15.90
64                     18.00
128                    21.19
256                    26.25
512                    34.61
1024                   58.74
2048                  103.04
4096                  195.62
8192                  418.44
16384                1008.05
32768                2403.08
65536                4960.12
131072              10100.28
262144              20430.40
524288              41089.09
1048576             82025.93
2097152            189049.39
Flag 0
Flag 1
Flag 2
Flag 3
Flag 4
Flag 5

# OSU MPI Allgather Latency Test v5.6.2
# Size       Avg Latency(us)
1                      15.14
2                      13.78
4                      13.77
8                      13.99
16                     14.41
32                     15.73
64                     17.85
128                    21.08
256                    26.11
512                    34.46
1024                   58.72
2048                  102.06
4096                  194.52
8192                  422.32
16384                1010.33
32768                2415.05
65536                4957.68
131072              10102.69
262144              20433.81
524288              41264.16
1048576             82015.40
2097152            190994.88
Flag 0
Flag 1
Flag 2
Flag 3
Flag 4
Flag 5

# OSU MPI Allgather Latency Test v5.6.2
# Size       Avg Latency(us)
1                      16.02
2                      14.56
4                      14.52
8                      14.56
16                     14.95
32                     16.35
64                     18.12
128                    22.31
256                    26.11
512                    35.13
1024                   59.90
2048                  102.80
4096                  195.29
8192                  418.64
16384                1012.23
32768                2413.57
65536                4974.42
131072              10097.36
262144              20443.08
524288              41200.81
1048576             81743.56
2097152            191522.69
Flag 0
Flag 1
Flag 2
Flag 3
Flag 4
Flag 5

# OSU MPI Allgather Latency Test v5.6.2
# Size       Avg Latency(us)
1                      15.14
2                      13.76
4                      13.67
8                      13.99
16                     14.32
32                     15.75
64                     17.81
128                    21.08
256                    26.01
512                    34.41
1024                   58.37
2048                  101.92
4096                  194.24
8192                  413.92
16384                1009.44
32768                2394.39
65536                4941.95
131072              10030.94
262144              20343.50
524288              40756.12
1048576             81421.88
2097152            187755.70
Flag 0
Flag 1
Flag 2
Flag 3
Flag 4
Flag 5

# OSU MPI Allgather Latency Test v5.6.2
# Size       Avg Latency(us)
1                      15.31
2                      14.01
4                      14.23
8                      14.24
16                     14.81
32                     16.14
64                     18.02
128                    21.35
256                    26.13
512                    34.62
1024                   59.03
2048                  102.34
4096                  195.08
8192                  423.17
16384                1015.47
32768                2396.72
65536                4937.88
131072              10050.75
262144              20349.19
524288              41030.22
1048576             81375.85
2097152            191552.37
Flag 0
Flag 1
Flag 2
Flag 3
Flag 4
Flag 5

# OSU MPI Allgather Latency Test v5.6.2
# Size       Avg Latency(us)
1                      14.89
2                      13.69
4                      13.74
8                      13.86
16                     14.27
32                     15.70
64                     17.82
128                    21.04
256                    26.11
512                    34.47
1024                   58.76
2048                  102.17
4096                  195.21
8192                  421.82
16384                1010.42
32768                2407.54
65536                4963.89
131072              10106.06
262144              20457.32
524288              41240.26
1048576             81897.81
2097152            191839.66
Flag 0
Flag 1
Flag 2
Flag 3
Flag 4
Flag 5

# OSU MPI Allgather Latency Test v5.6.2
# Size       Avg Latency(us)
1                      16.40
2                      14.78
4                      14.63
8                      14.96
16                     15.12
32                     16.54
64                     18.38
128                    21.76
256                    26.19
512                    34.55
1024                   58.83
2048                  102.71
4096                  194.47
8192                  416.50
16384                1014.15
32768                2410.53
65536                4975.59
131072              10124.40
262144              20437.54
524288              41277.23
1048576             82004.62
2097152            191368.81
Flag 0
Flag 1
Flag 2
Flag 3
Flag 4
Flag 5

# OSU MPI Allgather Latency Test v5.6.2
# Size       Avg Latency(us)
1                      16.65
2                      14.85
4                      14.94
8                      15.09
16                     15.60
32                     16.84
64                     18.63
128                    21.81
256                    26.06
512                    34.51
1024                   58.55
2048                  101.89
4096                  194.87
8192                  419.67
16384                1004.14
32768                2398.95
65536                4950.46
131072              10036.88
262144              20374.46
524288              41190.78
1048576             81782.88
2097152            190224.35
Flag 0
Flag 1
Flag 2
Flag 3
Flag 4
Flag 5

# OSU MPI Allgather Latency Test v5.6.2
# Size       Avg Latency(us)
1                      15.25
2                      13.92
4                      13.84
8                      14.07
16                     14.45
32                     16.17
64                     17.93
128                    21.17
256                    26.12
512                    34.65
1024                   58.85
2048                  102.72
4096                  196.36
8192                  422.28
16384                1012.21
32768                2414.92
65536                4976.49
131072              10095.63
262144              20419.62
524288              41352.41
1048576             82096.84
2097152            191285.51
