Flag 0
Flag 1
Flag 2
Flag 3
Flag 4
Flag 5

# OSU MPI Allgather Latency Test v5.6.2
# Size       Avg Latency(us)
1                      22.95
2                      21.46
4                      22.39
8                      23.58
16                     24.80
32                     26.68
64                     30.80
128                    40.78
256                    68.13
512                   121.34
1024                  213.64
2048                  401.00
4096                  786.85
8192                 1562.69
16384                3114.20
32768                6565.70
65536               13159.80
131072              25003.23
262144              53810.18
524288             100279.94
1048576            210655.93
2097152            421651.50
Flag 0
Flag 1
Flag 2
Flag 3
Flag 4
Flag 5

# OSU MPI Allgather Latency Test v5.6.2
# Size       Avg Latency(us)
1                      22.90
2                      21.41
4                      22.31
8                      23.55
16                     24.80
32                     26.69
64                     30.81
128                    40.74
256                    68.02
512                   121.74
1024                  218.46
2048                  402.16
4096                  789.23
8192                 1549.59
16384                3142.39
32768                6621.03
65536               13006.16
131072              25566.46
262144              52769.34
524288             101111.29
1048576            209290.30
2097152            421476.27
Flag 0
Flag 1
Flag 2
Flag 3
Flag 4
Flag 5

# OSU MPI Allgather Latency Test v5.6.2
# Size       Avg Latency(us)
1                      22.84
2                      21.44
4                      22.36
8                      23.58
16                     24.83
32                     26.69
64                     30.77
128                    40.80
256                    68.00
512                   121.33
1024                  220.21
2048                  400.88
4096                  791.39
8192                 1547.36
16384                3137.29
32768                6597.13
65536               13137.60
131072              25305.10
262144              53079.39
524288              99691.61
1048576            207745.51
2097152            418213.06
Flag 0
Flag 1
Flag 2
Flag 3
Flag 4
Flag 5

# OSU MPI Allgather Latency Test v5.6.2
# Size       Avg Latency(us)
1                      23.09
2                      21.49
4                      22.39
8                      23.62
16                     24.94
32                     26.78
64                     30.88
128                    40.95
256                    68.00
512                   121.23
1024                  215.74
2048                  401.09
4096                  790.56
8192                 1572.59
16384                3177.38
32768                6571.38
65536               12982.37
131072              25191.79
262144              52545.03
524288             102533.10
1048576            209027.42
2097152            423325.90
Flag 0
Flag 1
Flag 2
Flag 3
Flag 4
Flag 5

# OSU MPI Allgather Latency Test v5.6.2
# Size       Avg Latency(us)
1                      22.85
2                      21.39
4                      22.33
8                      23.63
16                     24.81
32                     26.72
64                     30.75
128                    40.84
256                    67.83
512                   121.10
1024                  212.97
2048                  401.50
4096                  787.59
8192                 1549.03
16384                3122.62
32768                6689.60
65536               12966.57
131072              25638.69
262144              51806.30
524288             100691.75
1048576            206244.43
2097152            421123.99
Flag 0
Flag 1
Flag 2
Flag 3
Flag 4
Flag 5

# OSU MPI Allgather Latency Test v5.6.2
# Size       Avg Latency(us)
1                      22.83
2                      21.38
4                      22.32
8                      23.50
16                     24.74
32                     26.63
64                     30.88
128                    40.83
256                    67.76
512                   121.27
1024                  216.02
2048                  399.74
4096                  791.67
8192                 1545.33
16384                3112.81
32768                6680.57
65536               13207.22
131072              25799.05
262144              53985.72
524288             100417.55
1048576            207647.81
2097152            418363.57
Flag 0
Flag 1
Flag 2
Flag 3
Flag 4
Flag 5

# OSU MPI Allgather Latency Test v5.6.2
# Size       Avg Latency(us)
1                      22.89
2                      21.43
4                      22.33
8                      23.57
16                     24.78
32                     26.71
64                     30.74
128                    40.77
256                    67.95
512                   121.50
1024                  216.90
2048                  404.14
4096                  792.24
8192                 1554.43
16384                3129.58
32768                6676.45
65536               12922.66
131072              26062.86
262144              52163.81
524288              99200.69
1048576            208826.18
2097152            419392.26
Flag 0
Flag 1
Flag 2
Flag 3
Flag 4
Flag 5

# OSU MPI Allgather Latency Test v5.6.2
# Size       Avg Latency(us)
1                      22.82
2                      21.42
4                      22.31
8                      23.54
16                     24.79
32                     26.68
64                     30.83
128                    40.79
256                    68.07
512                   121.33
1024                  216.32
2048                  401.67
4096                  788.93
8192                 1549.08
16384                3141.75
32768                6711.43
65536               13256.52
131072              25965.84
262144              51905.78
524288              99486.50
1048576            210256.47
2097152            421892.25
Flag 0
Flag 1
Flag 2
Flag 3
Flag 4
Flag 5

# OSU MPI Allgather Latency Test v5.6.2
# Size       Avg Latency(us)
1                      22.85
2                      21.46
4                      22.34
8                      23.61
16                     24.78
32                     26.65
64                     30.77
128                    40.79
256                    67.94
512                   121.62
1024                  217.22
2048                  400.94
4096                  792.24
8192                 1544.39
16384                3109.40
32768                6615.99
65536               12932.73
131072              26098.60
262144              51767.14
524288              99205.39
1048576            210446.69
2097152            422402.72
Flag 0
Flag 1
Flag 2
Flag 3
Flag 4
Flag 5

# OSU MPI Allgather Latency Test v5.6.2
# Size       Avg Latency(us)
1                      22.91
2                      21.46
4                      22.39
8                      23.60
16                     24.86
32                     26.72
64                     30.82
128                    40.89
256                    68.00
512                   121.84
1024                  216.84
2048                  402.53
4096                  789.37
8192                 1524.25
16384                3096.93
32768                6632.97
65536               13189.58
131072              25849.00
262144              50294.58
524288             100513.98
1048576            209614.16
2097152            421136.94
Flag 0
Flag 1
Flag 2
Flag 3
Flag 4
Flag 5

# OSU MPI Allgather Latency Test v5.6.2
# Size       Avg Latency(us)
1                      22.85
2                      21.51
4                      22.34
8                      23.57
16                     24.90
32                     26.72
64                     30.82
128                    40.74
256                    67.93
512                   121.42
1024                  214.19
2048                  398.72
4096                  790.38
8192                 1556.06
16384                3113.64
32768                6637.42
65536               13117.11
131072              25747.24
262144              53160.04
524288             100737.70
1048576            210446.53
2097152            424003.89
Flag 0
Flag 1
Flag 2
Flag 3
Flag 4
Flag 5

# OSU MPI Allgather Latency Test v5.6.2
# Size       Avg Latency(us)
1                      22.91
2                      21.43
4                      22.34
8                      23.52
16                     24.77
32                     26.64
64                     30.71
128                    40.83
256                    68.20
512                   121.49
1024                  219.03
2048                  398.99
4096                  789.91
8192                 1564.48
16384                3135.95
32768                6541.82
65536               12990.06
131072              25609.16
262144              52158.61
524288             100525.57
1048576            211136.85
2097152            429492.95
Flag 0
Flag 1
Flag 2
Flag 3
Flag 4
Flag 5

# OSU MPI Allgather Latency Test v5.6.2
# Size       Avg Latency(us)
1                      22.89
2                      21.42
4                      22.34
8                      23.57
16                     24.78
32                     26.69
64                     30.77
128                    40.78
256                    67.72
512                   121.33
1024                  215.78
2048                  401.20
4096                  794.29
8192                 1557.12
16384                3175.34
32768                6787.37
65536               12873.47
131072              25715.17
262144              52940.71
524288             102783.87
1048576            209332.63
2097152            418699.44
Flag 0
Flag 1
Flag 2
Flag 3
Flag 4
Flag 5

# OSU MPI Allgather Latency Test v5.6.2
# Size       Avg Latency(us)
1                      22.94
2                      21.45
4                      22.38
8                      23.61
16                     24.87
32                     26.80
64                     30.83
128                    40.98
256                    68.20
512                   121.83
1024                  217.70
2048                  403.08
4096                  796.17
8192                 1567.16
16384                3162.94
32768                6688.34
65536               13002.73
131072              25623.71
262144              54189.18
524288             101730.67
1048576            210504.50
2097152            424292.17
Flag 0
Flag 1
Flag 2
Flag 3
Flag 4
Flag 5

# OSU MPI Allgather Latency Test v5.6.2
# Size       Avg Latency(us)
1                      22.87
2                      21.45
4                      22.37
8                      23.57
16                     24.82
32                     26.71
64                     30.78
128                    40.77
256                    68.06
512                   121.12
1024                  218.60
2048                  404.81
4096                  796.69
8192                 1552.02
16384                3173.03
32768                6675.36
65536               13109.26
131072              25618.70
262144              51978.22
524288              98847.21
1048576            210626.51
2097152            425007.77
