Flag 0
Flag 1
Flag 2
Flag 3
Flag 4
Flag 5

# OSU MPI Allgather Latency Test v5.6.2
# Size       Avg Latency(us)
1                      30.36
2                      28.47
4                      29.41
8                      30.80
16                     32.17
32                     34.57
64                     39.22
128                    48.24
256                    72.30
512                   114.29
1024                  200.14
2048                  364.26
4096                  687.74
8192                 1338.00
16384                2597.38
32768                5357.29
65536               10948.26
131072              21752.70
262144              43921.60
524288              89014.61
1048576            181380.67
2097152            365178.63
Flag 0
Flag 1
Flag 2
Flag 3
Flag 4
Flag 5

# OSU MPI Allgather Latency Test v5.6.2
# Size       Avg Latency(us)
1                      30.38
2                      28.46
4                      29.47
8                      30.86
16                     32.16
32                     34.71
64                     39.28
128                    48.23
256                    72.28
512                   114.07
1024                  200.42
2048                  363.93
4096                  689.27
8192                 1336.00
16384                2600.15
32768                5339.26
65536               10872.79
131072              21726.24
262144              43910.54
524288              89125.42
1048576            180589.59
2097152            365583.81
Flag 0
Flag 1
Flag 2
Flag 3
Flag 4
Flag 5

# OSU MPI Allgather Latency Test v5.6.2
# Size       Avg Latency(us)
1                      30.33
2                      28.41
4                      29.39
8                      30.85
16                     32.07
32                     34.58
64                     39.30
128                    48.16
256                    72.15
512                   114.13
1024                  200.60
2048                  363.91
4096                  688.09
8192                 1339.61
16384                2599.03
32768                5344.91
65536               10929.31
131072              21726.83
262144              43969.49
524288              89263.71
1048576            180918.29
2097152            366183.57
Flag 0
Flag 1
Flag 2
Flag 3
Flag 4
Flag 5

# OSU MPI Allgather Latency Test v5.6.2
# Size       Avg Latency(us)
1                      30.28
2                      28.43
4                      29.41
8                      30.77
16                     32.11
32                     34.58
64                     39.22
128                    48.25
256                    72.05
512                   114.13
1024                  200.19
2048                  363.55
4096                  688.57
8192                 1334.63
16384                2589.57
32768                5349.28
65536               10877.58
131072              21723.53
262144              44023.24
524288              88987.29
1048576            180594.70
2097152            366563.26
Flag 0
Flag 1
Flag 2
Flag 3
Flag 4
Flag 5

# OSU MPI Allgather Latency Test v5.6.2
# Size       Avg Latency(us)
1                      30.32
2                      28.42
4                      29.35
8                      30.75
16                     32.09
32                     34.60
64                     39.17
128                    48.23
256                    72.15
512                   114.23
1024                  199.94
2048                  364.15
4096                  689.65
8192                 1339.17
16384                2591.57
32768                5347.26
65536               10923.87
131072              21717.05
262144              44079.81
524288              89109.34
1048576            180178.71
2097152            367099.25
Flag 0
Flag 1
Flag 2
Flag 3
Flag 4
Flag 5

# OSU MPI Allgather Latency Test v5.6.2
# Size       Avg Latency(us)
1                      30.28
2                      28.49
4                      29.39
8                      30.78
16                     32.08
32                     34.60
64                     39.21
128                    48.16
256                    72.17
512                   114.08
1024                  199.50
2048                  363.18
4096                  687.97
8192                 1335.82
16384                2594.03
32768                5362.21
65536               10896.98
131072              21785.19
262144              43890.86
524288              89321.23
1048576            181001.81
2097152            367090.91
Flag 0
Flag 1
Flag 2
Flag 3
Flag 4
Flag 5

# OSU MPI Allgather Latency Test v5.6.2
# Size       Avg Latency(us)
1                      30.27
2                      28.54
4                      29.43
8                      30.88
16                     32.13
32                     34.57
64                     39.21
128                    48.22
256                    72.13
512                   114.16
1024                  200.26
2048                  363.84
4096                  685.98
8192                 1337.16
16384                2600.71
32768                5371.66
65536               10891.75
131072              21764.77
262144              43810.12
524288              89058.76
1048576            180942.03
2097152            365685.70
Flag 0
Flag 1
Flag 2
Flag 3
Flag 4
Flag 5

# OSU MPI Allgather Latency Test v5.6.2
# Size       Avg Latency(us)
1                      30.27
2                      28.39
4                      29.38
8                      30.78
16                     32.09
32                     34.67
64                     39.19
128                    48.16
256                    72.20
512                   113.98
1024                  200.03
2048                  363.37
4096                  688.71
8192                 1334.75
16384                2586.01
32768                5356.81
65536               10917.83
131072              21715.54
262144              43763.73
524288              88988.49
1048576            179937.57
2097152            365440.10
Flag 0
Flag 1
Flag 2
Flag 3
Flag 4
Flag 5

# OSU MPI Allgather Latency Test v5.6.2
# Size       Avg Latency(us)
1                      30.34
2                      28.41
4                      29.34
8                      30.78
16                     32.09
32                     34.59
64                     39.22
128                    48.25
256                    72.11
512                   114.08
1024                  200.40
2048                  363.54
4096                  686.94
8192                 1337.34
16384                2609.08
32768                5333.22
65536               10885.60
131072              21713.30
262144              43944.54
524288              89155.77
1048576            179641.45
2097152            367440.51
Flag 0
Flag 1
Flag 2
Flag 3
Flag 4
Flag 5

# OSU MPI Allgather Latency Test v5.6.2
# Size       Avg Latency(us)
1                      30.33
2                      28.50
4                      29.41
8                      30.86
16                     32.13
32                     34.70
64                     39.18
128                    48.18
256                    72.13
512                   114.12
1024                  199.91
2048                  363.63
4096                  687.42
8192                 1335.69
16384                2593.98
32768                5353.63
65536               10919.08
131072              21782.68
262144              44043.55
524288              89264.81
1048576            182458.50
2097152            367255.06
Flag 0
Flag 1
Flag 2
Flag 3
Flag 4
Flag 5

# OSU MPI Allgather Latency Test v5.6.2
# Size       Avg Latency(us)
1                      30.35
2                      28.49
4                      29.46
8                      30.80
16                     32.10
32                     34.73
64                     39.28
128                    48.16
256                    72.08
512                   114.05
1024                  199.61
2048                  364.08
4096                  688.28
8192                 1338.76
16384                2598.96
32768                5350.82
65536               10925.99
131072              21824.24
262144              44038.87
524288              89211.18
1048576            180834.70
2097152            366783.59
Flag 0
Flag 1
Flag 2
Flag 3
Flag 4
Flag 5

# OSU MPI Allgather Latency Test v5.6.2
# Size       Avg Latency(us)
1                      30.39
2                      28.50
4                      29.41
8                      30.79
16                     32.11
32                     34.56
64                     39.22
128                    48.19
256                    72.14
512                   113.91
1024                  200.14
2048                  363.65
4096                  687.51
8192                 1337.11
16384                2586.50
32768                5351.38
65536               10969.14
131072              21842.54
262144              43991.81
524288              88789.50
1048576            180348.41
2097152            365633.02
Flag 0
Flag 1
Flag 2
Flag 3
Flag 4
Flag 5

# OSU MPI Allgather Latency Test v5.6.2
# Size       Avg Latency(us)
1                      30.35
2                      28.46
4                      29.43
8                      30.86
16                     32.23
32                     34.63
64                     39.28
128                    48.29
256                    72.23
512                   114.32
1024                  200.27
2048                  364.38
4096                  688.96
8192                 1335.83
16384                2588.91
32768                5351.21
65536               10952.26
131072              21755.11
262144              44067.75
524288              88893.80
1048576            180636.29
2097152            365553.38
Flag 0
Flag 1
Flag 2
Flag 3
Flag 4
Flag 5

# OSU MPI Allgather Latency Test v5.6.2
# Size       Avg Latency(us)
1                      30.36
2                      28.41
4                      29.35
8                      30.75
16                     32.09
32                     34.54
64                     39.17
128                    48.19
256                    72.18
512                   114.09
1024                  200.11
2048                  363.22
4096                  686.71
8192                 1337.72
16384                2587.69
32768                5353.85
65536               10880.30
131072              21654.97
262144              43873.47
524288              89162.81
1048576            180711.76
2097152            365735.09
Flag 0
Flag 1
Flag 2
Flag 3
Flag 4
Flag 5

# OSU MPI Allgather Latency Test v5.6.2
# Size       Avg Latency(us)
1                      30.26
2                      28.42
4                      29.40
8                      30.83
16                     32.04
32                     34.66
64                     39.19
128                    48.19
256                    72.17
512                   114.02
1024                  199.63
2048                  363.77
4096                  687.12
8192                 1336.74
16384                2598.91
32768                5343.16
65536               10933.79
131072              21800.54
262144              43999.92
524288              89227.77
1048576            179271.77
2097152            365736.54
