
# OSU MPI Allgather Latency Test v5.6.2
# Size       Avg Latency(us)
1                       3.74
2                       3.60
4                       3.48
8                       3.43
16                      3.73
32                      3.76
64                      4.34
128                     5.40
256                     5.98
512                     7.27
1024                    9.53
2048                   14.43
4096                   27.24
8192                    9.84
16384                  10.55
32768                  11.49
65536                  13.78
131072                 24.25
262144                 42.03
524288                 76.17
1048576               176.96

# OSU MPI Allgather Latency Test v5.6.2
# Size       Avg Latency(us)
1                       4.00
2                       3.79
4                       3.65
8                       3.55
16                      3.76
32                      3.83
64                      4.13
128                     4.34
256                     5.06
512                     7.14
1024                    9.52
2048                   14.58
4096                   27.28
8192                   10.76
16384                  11.58
32768                  12.98
65536                  15.47
131072                 23.07
262144                 37.45
524288                 71.44
1048576               173.20

# OSU MPI Allgather Latency Test v5.6.2
# Size       Avg Latency(us)
1                       4.28
2                       4.19
4                       4.03
8                       3.96
16                      4.12
32                      4.50
64                      4.75
128                     5.04
256                     5.69
512                     6.68
1024                    9.16
2048                   14.50
4096                   28.00
8192                   10.55
16384                  11.10
32768                  12.08
65536                  14.21
131072                 19.83
262144                 32.31
524288                 60.62
1048576               223.44

# OSU MPI Allgather Latency Test v5.6.2
# Size       Avg Latency(us)
1                       4.10
2                       3.87
4                       3.71
8                       3.63
16                      3.76
32                      3.78
64                      4.05
128                     4.73
256                     5.46
512                     6.41
1024                    8.71
2048                   13.49
4096                   26.48
8192                    8.72
16384                  10.72
32768                  11.67
65536                  14.46
131072                 24.03
262144                 37.32
524288                 71.22
1048576               171.68

# OSU MPI Allgather Latency Test v5.6.2
# Size       Avg Latency(us)
1                       4.44
2                       4.29
4                       4.28
8                       4.20
16                      4.18
32                      4.26
64                      4.51
128                     4.91
256                     5.89
512                     7.67
1024                    9.83
2048                   14.14
4096                   24.88
8192                   11.77
16384                  12.32
32768                  13.63
65536                  16.70
131072                 23.93
262144                 38.74
524288                 71.66
1048576               170.03

# OSU MPI Allgather Latency Test v5.6.2
# Size       Avg Latency(us)
1                       4.08
2                       3.92
4                       3.74
8                       3.63
16                      3.81
32                      3.81
64                      4.25
128                     4.97
256                     5.56
512                     6.55
1024                    8.80
2048                   13.66
4096                   27.48
8192                    8.77
16384                   9.44
32768                  10.56
65536                  12.76
131072                 19.33
262144                 33.28
524288                 62.69
1048576               168.37

# OSU MPI Allgather Latency Test v5.6.2
# Size       Avg Latency(us)
1                       4.51
2                       4.27
4                       4.16
8                       4.23
16                      4.26
32                      4.24
64                      4.48
128                     5.00
256                     5.54
512                     6.73
1024                    8.90
2048                   13.11
4096                   24.24
8192                    9.19
16384                  10.27
32768                  11.09
65536                  13.37
131072                 20.30
262144                 34.56
524288                 67.02
1048576               178.44

# OSU MPI Allgather Latency Test v5.6.2
# Size       Avg Latency(us)
1                       4.13
2                       3.92
4                       3.78
8                       3.70
16                      3.88
32                      3.87
64                      4.16
128                     4.41
256                     5.10
512                     6.08
1024                    8.29
2048                   13.48
4096                   26.81
8192                    9.55
16384                  10.35
32768                  11.36
65536                  13.26
131072                 19.24
262144                 31.03
524288                 59.45
1048576               186.05

# OSU MPI Allgather Latency Test v5.6.2
# Size       Avg Latency(us)
1                       4.24
2                       4.13
4                       3.98
8                       3.93
16                      4.11
32                      4.26
64                      4.48
128                     5.15
256                     5.39
512                     6.43
1024                    8.59
2048                   13.06
4096                   23.75
8192                   10.74
16384                  11.61
32768                  12.58
65536                  15.78
131072                 22.59
262144                 37.36
524288                 69.93
1048576               174.80

# OSU MPI Allgather Latency Test v5.6.2
# Size       Avg Latency(us)
1                       4.10
2                       3.94
4                       3.76
8                       3.66
16                      3.84
32                      4.06
64                      4.84
128                     5.06
256                     5.57
512                     6.53
1024                    8.70
2048                   13.82
4096                   26.96
8192                   10.37
16384                  11.22
32768                  12.41
65536                  14.22
131072                 20.26
262144                 33.09
524288                 60.52
1048576               186.31

# OSU MPI Allgather Latency Test v5.6.2
# Size       Avg Latency(us)
1                       4.36
2                       4.24
4                       4.09
8                       4.01
16                      4.16
32                      4.25
64                      4.30
128                     4.69
256                     5.13
512                     6.10
1024                    8.14
2048                   12.44
4096                   22.90
8192                    9.58
16384                  10.50
32768                  11.21
65536                  13.66
131072                 19.25
262144                 32.04
524288                 62.32
1048576               173.07

# OSU MPI Allgather Latency Test v5.6.2
# Size       Avg Latency(us)
1                       4.31
2                       3.91
4                       3.77
8                       3.69
16                      3.86
32                      3.86
64                      4.09
128                     4.75
256                     5.62
512                     6.68
1024                    9.15
2048                   14.02
4096                   27.81
8192                    9.93
16384                  10.80
32768                  12.16
65536                  14.17
131072                 20.59
262144                 34.88
524288                 64.22
1048576               183.90

# OSU MPI Allgather Latency Test v5.6.2
# Size       Avg Latency(us)
1                       3.93
2                       3.73
4                       3.63
8                       3.53
16                      3.71
32                      3.74
64                      4.13
128                     4.33
256                     5.03
512                     6.79
1024                    9.17
2048                   14.05
4096                   27.08
8192                   10.76
16384                  11.53
32768                  12.76
65536                  15.26
131072                 21.55
262144                 35.31
524288                 66.62
1048576               181.00

# OSU MPI Allgather Latency Test v5.6.2
# Size       Avg Latency(us)
1                       4.29
2                       4.15
4                       4.01
8                       3.98
16                      4.13
32                      4.29
64                      4.52
128                     4.92
256                     5.76
512                     6.66
1024                    8.76
2048                   13.31
4096                   24.19
8192                   10.71
16384                  11.58
32768                  13.04
65536                  16.05
131072                 23.69
262144                 39.99
524288                 73.27
1048576               213.21

# OSU MPI Allgather Latency Test v5.6.2
# Size       Avg Latency(us)
1                       4.28
2                       3.91
4                       3.74
8                       3.67
16                      3.86
32                      3.84
64                      4.41
128                     4.94
256                     5.60
512                     6.55
1024                    8.97
2048                   13.73
4096                   27.33
8192                    9.74
16384                  10.49
32768                  11.78
65536                  14.18
131072                 20.32
262144                 34.10
524288                 64.37
1048576               173.42

# OSU MPI Allgather Latency Test v5.6.2
# Size       Avg Latency(us)
1                       4.41
2                       3.98
4                       3.81
8                       3.76
16                      3.94
32                      3.95
64                      4.40
128                     5.30
256                     5.86
512                     6.88
1024                    9.26
2048                   14.35
4096                   27.35
8192                    9.96
16384                  10.72
32768                  11.84
65536                  14.10
131072                 20.85
262144                 34.53
524288                 66.83
1048576               179.36

# OSU MPI Allgather Latency Test v5.6.2
# Size       Avg Latency(us)
1                       4.20
2                       4.00
4                       3.85
8                       3.75
16                      3.88
32                      4.03
64                      4.60
128                     4.91
256                     5.53
512                     6.51
1024                    9.05
2048                   13.50
4096                   26.84
8192                    8.74
16384                   9.33
32768                  10.38
65536                  12.31
131072                 17.87
262144                 29.42
524288                 57.63
1048576               184.44

# OSU MPI Allgather Latency Test v5.6.2
# Size       Avg Latency(us)
1                       4.30
2                       4.14
4                       4.01
8                       3.94
16                      4.09
32                      4.09
64                      4.36
128                     4.75
256                     5.24
512                     6.14
1024                    8.46
2048                   13.23
4096                   26.78
8192                    9.04
16384                   9.79
32768                  10.88
65536                  13.53
131072                 19.90
262144                 32.90
524288                 62.57
1048576               223.43

# OSU MPI Allgather Latency Test v5.6.2
# Size       Avg Latency(us)
1                       4.20
2                       3.99
4                       3.86
8                       3.80
16                      3.95
32                      4.14
64                      4.39
128                     4.75
256                     5.35
512                     6.70
1024                    9.15
2048                   14.29
4096                   27.72
8192                    9.84
16384                  10.81
32768                  11.93
65536                  13.73
131072                 20.22
262144                 32.86
524288                 62.51
1048576               184.92

# OSU MPI Allgather Latency Test v5.6.2
# Size       Avg Latency(us)
1                       3.96
2                       3.88
4                       3.76
8                       3.71
16                      3.84
32                      3.86
64                      4.14
128                     4.87
256                     5.51
512                     6.55
1024                    8.80
2048                   13.65
4096                   27.38
8192                   10.12
16384                  11.19
32768                  12.22
65536                  15.17
131072                 22.42
262144                 36.06
524288                 68.85
1048576               180.12
