Flag 0
Flag 1
Flag 2
Flag 3
Flag 4
Flag 5

# OSU MPI Allgather Latency Test v5.6.2
# Size       Avg Latency(us)
1                      25.83
2                      25.05
4                      25.24
8                      25.93
16                     26.87
32                     32.27
64                     37.46
128                    53.45
256                    76.31
512                    71.59
1024                   84.26
2048                  113.62
4096                  226.64
8192                  406.84
16384                 853.77
32768                2021.11
65536                4288.42
131072              13414.66
262144              26745.95
524288              48893.25
1048576             83962.17
2097152            177773.88
Flag 0
Flag 1
Flag 2
Flag 3
Flag 4
Flag 5

# OSU MPI Allgather Latency Test v5.6.2
# Size       Avg Latency(us)
1                      25.78
2                      25.05
4                      25.28
8                      25.90
16                     25.75
32                     31.03
64                     37.51
128                    54.88
256                    76.31
512                    72.26
1024                   84.39
2048                  113.24
4096                  226.55
8192                  407.17
16384                 853.44
32768                2030.33
65536                4289.45
131072              13432.06
262144              26716.74
524288              48814.24
1048576             83307.12
2097152            176711.58
Flag 0
Flag 1
Flag 2
Flag 3
Flag 4
Flag 5

# OSU MPI Allgather Latency Test v5.6.2
# Size       Avg Latency(us)
1                      25.88
2                      25.04
4                      25.25
8                      25.83
16                     25.72
32                     31.02
64                     37.66
128                    53.25
256                    76.79
512                    71.69
1024                   84.05
2048                  113.33
4096                  227.03
8192                  405.45
16384                 854.25
32768                2006.55
65536                4277.81
131072              13387.84
262144              26767.37
524288              48919.74
1048576             83681.79
2097152            177563.02
Flag 0
Flag 1
Flag 2
Flag 3
Flag 4
Flag 5

# OSU MPI Allgather Latency Test v5.6.2
# Size       Avg Latency(us)
1                      25.81
2                      25.00
4                      25.29
8                      25.73
16                     25.60
32                     30.93
64                     37.27
128                    53.46
256                    76.42
512                    73.09
1024                   84.36
2048                  113.75
4096                  226.62
8192                  407.19
16384                 848.23
32768                2022.58
65536                4291.53
131072              13380.94
262144              26723.69
524288              48874.58
1048576             84209.00
2097152            177122.83
Flag 0
Flag 1
Flag 2
Flag 3
Flag 4
Flag 5

# OSU MPI Allgather Latency Test v5.6.2
# Size       Avg Latency(us)
1                      25.86
2                      25.04
4                      25.23
8                      25.90
16                     25.72
32                     30.99
64                     37.56
128                    53.73
256                    75.58
512                    72.44
1024                   84.00
2048                  113.20
4096                  226.70
8192                  407.09
16384                 845.16
32768                2015.27
65536                4276.21
131072              13436.21
262144              26780.59
524288              48842.79
1048576             84252.41
2097152            178041.11
Flag 0
Flag 1
Flag 2
Flag 3
Flag 4
Flag 5

# OSU MPI Allgather Latency Test v5.6.2
# Size       Avg Latency(us)
1                      25.79
2                      24.98
4                      25.25
8                      25.71
16                     25.64
32                     31.67
64                     38.39
128                    53.46
256                    77.04
512                    73.06
1024                   84.46
2048                  113.68
4096                  227.02
8192                  408.96
16384                 853.70
32768                2021.69
65536                4282.91
131072              13422.38
262144              26741.86
524288              48943.31
1048576             84027.06
2097152            179636.32
Flag 0
Flag 1
Flag 2
Flag 3
Flag 4
Flag 5

# OSU MPI Allgather Latency Test v5.6.2
# Size       Avg Latency(us)
1                      25.87
2                      25.03
4                      25.32
8                      25.84
16                     25.63
32                     32.75
64                     37.40
128                    53.79
256                    77.33
512                    71.17
1024                   84.08
2048                  113.66
4096                  226.16
8192                  407.91
16384                 851.03
32768                2007.11
65536                4275.55
131072              13376.90
262144              26741.33
524288              48896.96
1048576             84055.49
2097152            177953.79
Flag 0
Flag 1
Flag 2
Flag 3
Flag 4
Flag 5

# OSU MPI Allgather Latency Test v5.6.2
# Size       Avg Latency(us)
1                      25.78
2                      24.97
4                      25.28
8                      25.92
16                     25.60
32                     32.76
64                     37.47
128                    53.77
256                    76.64
512                    71.79
1024                   84.23
2048                  113.56
4096                  226.47
8192                  406.02
16384                 848.95
32768                2020.76
65536                4269.64
131072              13421.15
262144              26725.63
524288              48857.61
1048576             83785.93
2097152            178289.00
Flag 0
Flag 1
Flag 2
Flag 3
Flag 4
Flag 5

# OSU MPI Allgather Latency Test v5.6.2
# Size       Avg Latency(us)
1                      26.81
2                      25.04
4                      25.30
8                      25.93
16                     25.77
32                     33.06
64                     38.53
128                    53.52
256                    76.24
512                    71.79
1024                   84.08
2048                  113.60
4096                  227.89
8192                  410.43
16384                 858.76
32768                2003.59
65536                4279.16
131072              13413.18
262144              26752.68
524288              48910.21
1048576             84035.92
2097152            178855.27
Flag 0
Flag 1
Flag 2
Flag 3
Flag 4
Flag 5

# OSU MPI Allgather Latency Test v5.6.2
# Size       Avg Latency(us)
1                      25.83
2                      24.97
4                      25.30
8                      25.83
16                     25.80
32                     31.09
64                     37.45
128                    54.13
256                    76.10
512                    72.53
1024                   84.73
2048                  113.55
4096                  227.40
8192                  411.08
16384                 864.95
32768                2024.48
65536                4285.15
131072              13402.36
262144              26756.92
524288              48939.98
1048576             84477.76
2097152            177658.04
Flag 0
Flag 1
Flag 2
Flag 3
Flag 4
Flag 5

# OSU MPI Allgather Latency Test v5.6.2
# Size       Avg Latency(us)
1                      25.95
2                      25.04
4                      25.29
8                      27.86
16                     25.74
32                     32.04
64                     37.47
128                    53.30
256                    75.84
512                    73.20
1024                   84.34
2048                  113.48
4096                  227.18
8192                  408.49
16384                 852.56
32768                2012.40
65536                4289.78
131072              13376.75
262144              26724.34
524288              48908.96
1048576             84110.00
2097152            178672.17
Flag 0
Flag 1
Flag 2
Flag 3
Flag 4
Flag 5

# OSU MPI Allgather Latency Test v5.6.2
# Size       Avg Latency(us)
1                      25.82
2                      25.02
4                      26.27
8                      25.95
16                     25.75
32                     32.09
64                     37.33
128                    53.85
256                    75.11
512                    71.81
1024                   84.03
2048                  113.84
4096                  225.62
8192                  406.44
16384                 851.78
32768                2012.65
65536                4280.59
131072              13395.10
262144              26714.33
524288              48827.21
1048576             83460.10
2097152            177930.20
Flag 0
Flag 1
Flag 2
Flag 3
Flag 4
Flag 5

# OSU MPI Allgather Latency Test v5.6.2
# Size       Avg Latency(us)
1                      27.57
2                      25.06
4                      25.67
8                      25.95
16                     25.74
32                     33.10
64                     37.79
128                    54.31
256                    77.39
512                    72.71
1024                   84.69
2048                  114.94
4096                  228.02
8192                  410.54
16384                 863.23
32768                2009.57
65536                4286.00
131072              13407.11
262144              26733.15
524288              48869.27
1048576             83898.42
2097152            179478.00
Flag 0
Flag 1
Flag 2
Flag 3
Flag 4
Flag 5

# OSU MPI Allgather Latency Test v5.6.2
# Size       Avg Latency(us)
1                      25.80
2                      24.98
4                      25.24
8                      25.91
16                     25.68
32                     32.04
64                     37.51
128                    54.23
256                    77.45
512                    72.50
1024                   84.25
2048                  113.52
4096                  226.37
8192                  408.15
16384                 852.19
32768                2018.03
65536                4291.67
131072              13384.86
262144              26706.56
524288              48872.40
1048576             83380.70
2097152            177025.69
Flag 0
Flag 1
Flag 2
Flag 3
Flag 4
Flag 5

# OSU MPI Allgather Latency Test v5.6.2
# Size       Avg Latency(us)
1                      25.78
2                      25.04
4                      25.27
8                      25.89
16                     25.61
32                     30.83
64                     37.43
128                    53.25
256                    77.25
512                    72.90
1024                   84.39
2048                  114.37
4096                  227.73
8192                  410.36
16384                 852.61
32768                2011.82
65536                4290.44
131072              13402.45
262144              26770.52
524288              48883.91
1048576             83924.63
2097152            177986.93
