Flag 0
Flag 1
Flag 2
Flag 3
Flag 4
Flag 5

# OSU MPI Allgather Latency Test v5.6.2
# Size       Avg Latency(us)
1                      24.32
2                      22.62
4                      22.25
8                      23.26
16                     24.49
32                     26.26
64                     28.41
128                    31.38
256                    37.81
512                    54.53
1024                   84.13
2048                  117.34
4096                  171.08
8192                  303.91
16384                 576.39
32768                1088.30
65536                2137.82
131072               4281.46
262144               8923.91
524288              19583.67
1048576             40970.32
2097152             82726.66
Flag 0
Flag 1
Flag 2
Flag 3
Flag 4
Flag 5

# OSU MPI Allgather Latency Test v5.6.2
# Size       Avg Latency(us)
1                      24.36
2                      22.50
4                      22.31
8                      23.37
16                     24.53
32                     26.07
64                     28.37
128                    31.27
256                    37.71
512                    54.63
1024                   83.34
2048                  116.78
4096                  169.47
8192                  301.21
16384                 573.29
32768                1085.24
65536                2111.16
131072               4250.21
262144               8925.93
524288              19569.79
1048576             40709.13
2097152             82603.48
Flag 0
Flag 1
Flag 2
Flag 3
Flag 4
Flag 5

# OSU MPI Allgather Latency Test v5.6.2
# Size       Avg Latency(us)
1                      24.30
2                      22.44
4                      22.29
8                      23.31
16                     24.53
32                     26.05
64                     28.27
128                    32.24
256                    38.63
512                    54.35
1024                   83.61
2048                  116.12
4096                  169.54
8192                  301.42
16384                 576.19
32768                1092.78
65536                2122.42
131072               4274.27
262144               8953.67
524288              19565.73
1048576             40748.12
2097152             82737.93
Flag 0
Flag 1
Flag 2
Flag 3
Flag 4
Flag 5

# OSU MPI Allgather Latency Test v5.6.2
# Size       Avg Latency(us)
1                      24.47
2                      22.40
4                      22.28
8                      23.30
16                     24.48
32                     26.08
64                     28.06
128                    31.38
256                    37.66
512                    54.88
1024                   83.44
2048                  116.92
4096                  169.93
8192                  302.86
16384                 577.36
32768                1090.70
65536                2120.14
131072               4233.30
262144               8961.06
524288              20081.53
1048576             41009.75
2097152             82589.51
Flag 0
Flag 1
Flag 2
Flag 3
Flag 4
Flag 5

# OSU MPI Allgather Latency Test v5.6.2
# Size       Avg Latency(us)
1                      24.33
2                      22.47
4                      22.21
8                      23.29
16                     24.48
32                     26.20
64                     28.63
128                    31.39
256                    37.80
512                    55.07
1024                   83.60
2048                  116.39
4096                  169.84
8192                  304.21
16384                 581.96
32768                1102.17
65536                2138.43
131072               4275.72
262144               8957.95
524288              19700.19
1048576             40995.57
2097152             82646.24
Flag 0
Flag 1
Flag 2
Flag 3
Flag 4
Flag 5

# OSU MPI Allgather Latency Test v5.6.2
# Size       Avg Latency(us)
1                      24.42
2                      22.44
4                      22.29
8                      23.27
16                     24.46
32                     26.15
64                     28.46
128                    31.31
256                    37.68
512                    54.01
1024                   83.42
2048                  116.14
4096                  169.29
8192                  302.50
16384                 571.99
32768                1086.41
65536                2109.99
131072               4235.52
262144               8925.13
524288              19637.44
1048576             40976.84
2097152             82643.02
Flag 0
Flag 1
Flag 2
Flag 3
Flag 4
Flag 5

# OSU MPI Allgather Latency Test v5.6.2
# Size       Avg Latency(us)
1                      24.44
2                      22.49
4                      22.28
8                      23.33
16                     25.94
32                     26.18
64                     28.09
128                    31.36
256                    38.41
512                    55.45
1024                   83.72
2048                  117.86
4096                  172.08
8192                  303.19
16384                 574.74
32768                1089.92
65536                2120.24
131072               4277.87
262144               8962.05
524288              19955.13
1048576             41026.90
2097152             82741.39
Flag 0
Flag 1
Flag 2
Flag 3
Flag 4
Flag 5

# OSU MPI Allgather Latency Test v5.6.2
# Size       Avg Latency(us)
1                      24.34
2                      22.43
4                      22.28
8                      23.97
16                     24.47
32                     26.14
64                     28.59
128                    31.97
256                    37.82
512                    53.38
1024                   83.65
2048                  116.33
4096                  170.43
8192                  301.44
16384                 576.10
32768                1092.02
65536                2122.31
131072               4290.87
262144               8946.41
524288              19530.29
1048576             40605.63
2097152             82601.43
Flag 0
Flag 1
Flag 2
Flag 3
Flag 4
Flag 5

# OSU MPI Allgather Latency Test v5.6.2
# Size       Avg Latency(us)
1                      24.42
2                      22.50
4                      22.28
8                      23.29
16                     24.50
32                     26.17
64                     29.19
128                    31.46
256                    37.76
512                    53.69
1024                   83.99
2048                  116.32
4096                  170.51
8192                  303.30
16384                 577.36
32768                1091.88
65536                2122.02
131072               4256.99
262144               8953.07
524288              19562.13
1048576             40613.72
2097152             82581.02
Flag 0
Flag 1
Flag 2
Flag 3
Flag 4
Flag 5

# OSU MPI Allgather Latency Test v5.6.2
# Size       Avg Latency(us)
1                      24.21
2                      22.45
4                      22.28
8                      24.10
16                     24.52
32                     26.15
64                     28.75
128                    31.25
256                    37.61
512                    54.05
1024                   84.42
2048                  116.42
4096                  170.31
8192                  301.92
16384                 574.21
32768                1085.93
65536                2133.70
131072               4270.03
262144               8933.98
524288              19548.70
1048576             40574.43
2097152             82563.91
Flag 0
Flag 1
Flag 2
Flag 3
Flag 4
Flag 5

# OSU MPI Allgather Latency Test v5.6.2
# Size       Avg Latency(us)
1                      24.45
2                      22.43
4                      22.30
8                      23.29
16                     24.55
32                     26.08
64                     28.72
128                    31.33
256                    37.72
512                    53.79
1024                   83.36
2048                  116.58
4096                  170.55
8192                  302.99
16384                 575.73
32768                1092.47
65536                2125.73
131072               4275.08
262144               9019.77
524288              19931.50
1048576             40736.50
2097152             82692.32
Flag 0
Flag 1
Flag 2
Flag 3
Flag 4
Flag 5

# OSU MPI Allgather Latency Test v5.6.2
# Size       Avg Latency(us)
1                      24.33
2                      23.13
4                      22.32
8                      23.30
16                     24.47
32                     26.22
64                     28.45
128                    31.45
256                    38.39
512                    53.85
1024                   83.36
2048                  116.35
4096                  169.74
8192                  302.55
16384                 576.61
32768                1098.41
65536                2126.85
131072               4260.53
262144               8970.19
524288              20087.00
1048576             41113.71
2097152             82827.22
Flag 0
Flag 1
Flag 2
Flag 3
Flag 4
Flag 5

# OSU MPI Allgather Latency Test v5.6.2
# Size       Avg Latency(us)
1                      24.81
2                      22.43
4                      22.26
8                      23.30
16                     24.57
32                     26.01
64                     28.30
128                    31.39
256                    37.81
512                    54.20
1024                   84.50
2048                  117.01
4096                  170.39
8192                  302.26
16384                 576.99
32768                1093.32
65536                2140.20
131072               4274.02
262144               8954.27
524288              19457.78
1048576             40387.21
2097152             82599.05
Flag 0
Flag 1
Flag 2
Flag 3
Flag 4
Flag 5

# OSU MPI Allgather Latency Test v5.6.2
# Size       Avg Latency(us)
1                      24.28
2                      22.40
4                      23.14
8                      23.32
16                     24.46
32                     26.28
64                     29.13
128                    31.49
256                    38.40
512                    54.30
1024                   83.86
2048                  116.44
4096                  170.27
8192                  302.74
16384                 572.02
32768                1088.62
65536                2113.24
131072               4265.00
262144               8988.14
524288              19721.87
1048576             41010.75
2097152             82637.74
Flag 0
Flag 1
Flag 2
Flag 3
Flag 4
Flag 5

# OSU MPI Allgather Latency Test v5.6.2
# Size       Avg Latency(us)
1                      24.36
2                      22.54
4                      22.28
8                      23.30
16                     24.54
32                     26.17
64                     28.83
128                    31.41
256                    37.83
512                    54.53
1024                   83.47
2048                  116.17
4096                  170.37
8192                  303.54
16384                 575.09
32768                1090.98
65536                2131.73
131072               4250.47
262144               9006.87
524288              19654.15
1048576             40966.99
2097152             82584.49
