Flag 0
Flag 1
Flag 2
Flag 3
Flag 4
Flag 5

# OSU MPI Allgather Latency Test v5.6.2
# Size       Avg Latency(us)
1                      24.83
2                      24.63
4                      23.62
8                      25.16
16                     27.34
32                     32.71
64                     31.77
128                    35.81
256                    46.37
512                    55.95
1024                   82.32
2048                  116.00
4096                  238.06
8192                  455.17
16384                 857.58
32768                1663.34
65536                3266.15
131072               6585.02
262144              14611.30
524288              31349.63
1048576             61912.95
2097152            148363.41
Flag 0
Flag 1
Flag 2
Flag 3
Flag 4
Flag 5

# OSU MPI Allgather Latency Test v5.6.2
# Size       Avg Latency(us)
1                      24.83
2                      23.67
4                      23.63
8                      25.23
16                     28.27
32                     31.75
64                     31.37
128                    37.05
256                    46.85
512                    55.99
1024                   82.95
2048                  116.03
4096                  238.77
8192                  454.37
16384                 856.05
32768                1651.54
65536                3255.12
131072               6562.95
262144              14614.21
524288              31393.85
1048576             61934.76
2097152            148594.53
Flag 0
Flag 1
Flag 2
Flag 3
Flag 4
Flag 5

# OSU MPI Allgather Latency Test v5.6.2
# Size       Avg Latency(us)
1                      24.92
2                      23.75
4                      23.58
8                      25.15
16                     27.42
32                     31.72
64                     32.37
128                    35.92
256                    47.57
512                    57.34
1024                   83.02
2048                  116.09
4096                  239.81
8192                  457.25
16384                 864.11
32768                1656.43
65536                3279.31
131072               6641.59
262144              14614.35
524288              31350.46
1048576             61866.97
2097152            148576.16
Flag 0
Flag 1
Flag 2
Flag 3
Flag 4
Flag 5

# OSU MPI Allgather Latency Test v5.6.2
# Size       Avg Latency(us)
1                      25.80
2                      23.64
4                      24.63
8                      25.09
16                     29.33
32                     30.64
64                     31.98
128                    35.74
256                    46.10
512                    55.91
1024                   82.76
2048                  116.07
4096                  240.00
8192                  457.73
16384                 855.24
32768                1654.36
65536                3275.24
131072               6663.35
262144              14637.55
524288              31348.37
1048576             61916.69
2097152            148444.15
Flag 0
Flag 1
Flag 2
Flag 3
Flag 4
Flag 5

# OSU MPI Allgather Latency Test v5.6.2
# Size       Avg Latency(us)
1                      24.78
2                      23.71
4                      23.56
8                      25.19
16                     27.22
32                     31.65
64                     31.56
128                    35.66
256                    46.68
512                    55.88
1024                   82.48
2048                  115.86
4096                  239.17
8192                  455.10
16384                 854.81
32768                1656.00
65536                3257.11
131072               6630.34
262144              14645.42
524288              31342.71
1048576             61932.07
2097152            148510.38
Flag 0
Flag 1
Flag 2
Flag 3
Flag 4
Flag 5

# OSU MPI Allgather Latency Test v5.6.2
# Size       Avg Latency(us)
1                      24.81
2                      23.67
4                      23.65
8                      25.19
16                     27.25
32                     30.60
64                     31.62
128                    35.82
256                    46.38
512                    56.59
1024                   82.66
2048                  115.95
4096                  239.10
8192                  456.19
16384                 859.00
32768                1648.91
65536                3252.68
131072               6619.51
262144              14595.88
524288              31341.82
1048576             61905.61
2097152            148501.88
Flag 0
Flag 1
Flag 2
Flag 3
Flag 4
Flag 5

# OSU MPI Allgather Latency Test v5.6.2
# Size       Avg Latency(us)
1                      25.77
2                      24.38
4                      23.60
8                      25.13
16                     27.32
32                     30.57
64                     31.85
128                    35.64
256                    46.52
512                    55.83
1024                   82.43
2048                  115.87
4096                  239.36
8192                  457.89
16384                 854.04
32768                1661.38
65536                3257.19
131072               6597.92
262144              14625.47
524288              31366.91
1048576             61925.09
2097152            148659.53
Flag 0
Flag 1
Flag 2
Flag 3
Flag 4
Flag 5

# OSU MPI Allgather Latency Test v5.6.2
# Size       Avg Latency(us)
1                      24.81
2                      23.69
4                      23.64
8                      25.19
16                     27.24
32                     33.65
64                     31.76
128                    35.76
256                    45.85
512                    56.32
1024                   82.45
2048                  115.92
4096                  238.87
8192                  455.68
16384                 859.09
32768                1662.81
65536                3275.88
131072               6692.73
262144              14654.03
524288              31419.54
1048576             61927.99
2097152            148451.61
Flag 0
Flag 1
Flag 2
Flag 3
Flag 4
Flag 5

# OSU MPI Allgather Latency Test v5.6.2
# Size       Avg Latency(us)
1                      24.82
2                      23.64
4                      24.59
8                      26.36
16                     27.24
32                     30.84
64                     32.69
128                    35.77
256                    47.02
512                    55.93
1024                   84.09
2048                  116.16
4096                  239.82
8192                  456.63
16384                 863.96
32768                1653.83
65536                3272.67
131072               6655.48
262144              14628.96
524288              31376.83
1048576             61940.73
2097152            148566.84
Flag 0
Flag 1
Flag 2
Flag 3
Flag 4
Flag 5

# OSU MPI Allgather Latency Test v5.6.2
# Size       Avg Latency(us)
1                      24.83
2                      23.70
4                      23.59
8                      25.07
16                     27.23
32                     32.81
64                     32.71
128                    35.82
256                    46.25
512                    56.81
1024                   82.20
2048                  115.95
4096                  238.79
8192                  456.82
16384                 853.41
32768                1652.97
65536                3259.69
131072               6624.20
262144              14635.16
524288              31386.88
1048576             61866.76
2097152            148348.42
Flag 0
Flag 1
Flag 2
Flag 3
Flag 4
Flag 5

# OSU MPI Allgather Latency Test v5.6.2
# Size       Avg Latency(us)
1                      24.84
2                      23.64
4                      24.68
8                      25.15
16                     27.27
32                     32.64
64                     31.85
128                    35.82
256                    45.88
512                    55.82
1024                   82.60
2048                  115.96
4096                  238.95
8192                  456.17
16384                 861.54
32768                1662.29
65536                3264.78
131072               6690.45
262144              14635.19
524288              31361.06
1048576             61946.71
2097152            148500.41
Flag 0
Flag 1
Flag 2
Flag 3
Flag 4
Flag 5

# OSU MPI Allgather Latency Test v5.6.2
# Size       Avg Latency(us)
1                      25.25
2                      23.80
4                      24.58
8                      26.39
16                     27.46
32                     31.34
64                     31.83
128                    35.95
256                    46.69
512                    57.30
1024                   83.15
2048                  116.44
4096                  239.04
8192                  457.74
16384                 858.41
32768                1651.52
65536                3265.14
131072               6645.38
262144              14636.15
524288              31363.44
1048576             61880.51
2097152            148592.53
Flag 0
Flag 1
Flag 2
Flag 3
Flag 4
Flag 5

# OSU MPI Allgather Latency Test v5.6.2
# Size       Avg Latency(us)
1                      25.36
2                      23.64
4                      23.61
8                      25.16
16                     27.66
32                     30.58
64                     31.40
128                    36.13
256                    47.73
512                    56.55
1024                   82.93
2048                  117.32
4096                  241.11
8192                  456.62
16384                 863.53
32768                1663.40
65536                3292.73
131072               6669.07
262144              14608.07
524288              31350.65
1048576             61888.57
2097152            148533.96
Flag 0
Flag 1
Flag 2
Flag 3
Flag 4
Flag 5

# OSU MPI Allgather Latency Test v5.6.2
# Size       Avg Latency(us)
1                      24.82
2                      23.62
4                      23.64
8                      25.19
16                     28.35
32                     30.67
64                     31.54
128                    35.75
256                    46.87
512                    55.98
1024                   82.71
2048                  116.09
4096                  238.64
8192                  456.48
16384                 856.39
32768                1649.17
65536                3267.24
131072               6649.24
262144              14650.42
524288              31402.75
1048576             61947.32
2097152            148578.95
Flag 0
Flag 1
Flag 2
Flag 3
Flag 4
Flag 5

# OSU MPI Allgather Latency Test v5.6.2
# Size       Avg Latency(us)
1                      24.83
2                      23.73
4                      23.59
8                      25.12
16                     27.28
32                     30.44
64                     32.60
128                    35.73
256                    46.43
512                    55.92
1024                   82.54
2048                  115.90
4096                  240.74
8192                  460.88
16384                 864.79
32768                1665.95
65536                3289.31
131072               6678.76
262144              14634.36
524288              31376.65
1048576             61897.85
2097152            148445.43
