Flag 0
Flag 1
Flag 2
Flag 3
Flag 4
Flag 5

# OSU MPI Allgather Latency Test v5.6.2
# Size       Avg Latency(us)
1                      10.88
2                      10.49
4                      10.34
8                      10.91
16                     11.65
32                     12.46
64                     14.04
128                    17.83
256                    23.90
512                    37.47
1024                   69.59
2048                  156.72
4096                  307.24
8192                  443.61
16384                 757.45
32768                1197.12
65536                1956.10
131072               3933.09
262144               7967.06
524288              16459.72
1048576             34349.15
2097152             69670.57
Flag 0
Flag 1
Flag 2
Flag 3
Flag 4
Flag 5

# OSU MPI Allgather Latency Test v5.6.2
# Size       Avg Latency(us)
1                      11.29
2                       9.81
4                      10.14
8                      11.63
16                     11.72
32                     12.50
64                     14.18
128                    17.83
256                    23.79
512                    37.74
1024                   69.93
2048                  154.75
4096                  307.92
8192                  445.91
16384                 740.26
32768                1187.95
65536                1950.94
131072               3902.93
262144               7963.58
524288              16873.66
1048576             33806.31
2097152             69708.74
Flag 0
Flag 1
Flag 2
Flag 3
Flag 4
Flag 5

# OSU MPI Allgather Latency Test v5.6.2
# Size       Avg Latency(us)
1                      10.96
2                       9.83
4                      10.13
8                      11.62
16                     11.68
32                     12.50
64                     14.02
128                    17.73
256                    23.83
512                    37.31
1024                   70.04
2048                  157.02
4096                  307.85
8192                  446.05
16384                 744.91
32768                1204.87
65536                1955.01
131072               3912.76
262144               7969.49
524288              16893.73
1048576             34501.65
2097152             69770.53
Flag 0
Flag 1
Flag 2
Flag 3
Flag 4
Flag 5

# OSU MPI Allgather Latency Test v5.6.2
# Size       Avg Latency(us)
1                      10.80
2                       9.96
4                      10.03
8                      10.77
16                     11.58
32                     12.40
64                     14.68
128                    17.73
256                    23.65
512                    38.25
1024                   69.81
2048                  159.59
4096                  309.20
8192                  445.34
16384                 737.45
32768                1187.19
65536                1953.47
131072               3909.23
262144               7981.73
524288              16920.96
1048576             34719.48
2097152             69889.04
Flag 0
Flag 1
Flag 2
Flag 3
Flag 4
Flag 5

# OSU MPI Allgather Latency Test v5.6.2
# Size       Avg Latency(us)
1                      11.64
2                       9.81
4                      10.11
8                      11.04
16                     11.61
32                     12.52
64                     14.07
128                    17.71
256                    23.77
512                    38.46
1024                   69.37
2048                  157.48
4096                  307.29
8192                  445.84
16384                 743.38
32768                1194.47
65536                1960.95
131072               3916.63
262144               7973.11
524288              16476.31
1048576             34017.93
2097152             69666.76
Flag 0
Flag 1
Flag 2
Flag 3
Flag 4
Flag 5

# OSU MPI Allgather Latency Test v5.6.2
# Size       Avg Latency(us)
1                      10.87
2                      10.46
4                      10.05
8                      10.81
16                     11.84
32                     12.46
64                     14.01
128                    17.64
256                    23.48
512                    38.42
1024                   70.35
2048                  155.77
4096                  307.16
8192                  443.41
16384                 752.36
32768                1188.03
65536                1956.07
131072               3908.36
262144               7964.65
524288              16903.19
1048576             34483.14
2097152             69800.45
Flag 0
Flag 1
Flag 2
Flag 3
Flag 4
Flag 5

# OSU MPI Allgather Latency Test v5.6.2
# Size       Avg Latency(us)
1                      11.32
2                       9.80
4                      10.15
8                      10.82
16                     11.66
32                     12.43
64                     14.04
128                    17.61
256                    23.58
512                    37.35
1024                   69.27
2048                  155.28
4096                  308.61
8192                  444.41
16384                 756.09
32768                1198.92
65536                1956.29
131072               3912.60
262144               7959.17
524288              16625.58
1048576             34472.14
2097152             69828.81
Flag 0
Flag 1
Flag 2
Flag 3
Flag 4
Flag 5

# OSU MPI Allgather Latency Test v5.6.2
# Size       Avg Latency(us)
1                      11.16
2                       9.79
4                      10.13
8                      10.87
16                     11.66
32                     12.52
64                     14.04
128                    17.75
256                    23.75
512                    38.30
1024                   70.01
2048                  157.08
4096                  307.57
8192                  444.79
16384                 762.36
32768                1212.13
65536                1954.53
131072               3916.03
262144               7969.97
524288              16890.76
1048576             34472.06
2097152             69722.76
Flag 0
Flag 1
Flag 2
Flag 3
Flag 4
Flag 5

# OSU MPI Allgather Latency Test v5.6.2
# Size       Avg Latency(us)
1                      10.89
2                       9.78
4                      10.14
8                      10.86
16                     11.64
32                     12.49
64                     14.80
128                    17.75
256                    23.93
512                    37.37
1024                   69.66
2048                  157.26
4096                  308.75
8192                  442.85
16384                 750.16
32768                1198.25
65536                1962.02
131072               3918.99
262144               7967.82
524288              16864.33
1048576             34178.77
2097152             69739.88
Flag 0
Flag 1
Flag 2
Flag 3
Flag 4
Flag 5

# OSU MPI Allgather Latency Test v5.6.2
# Size       Avg Latency(us)
1                      10.93
2                      10.54
4                      11.09
8                      10.88
16                     11.73
32                     13.26
64                     14.17
128                    17.71
256                    23.79
512                    36.75
1024                   70.46
2048                  154.56
4096                  306.31
8192                  443.72
16384                 746.55
32768                1199.97
65536                1956.19
131072               3916.55
262144               7951.13
524288              16876.82
1048576             34487.31
2097152             69806.28
Flag 0
Flag 1
Flag 2
Flag 3
Flag 4
Flag 5

# OSU MPI Allgather Latency Test v5.6.2
# Size       Avg Latency(us)
1                      10.93
2                      10.47
4                      10.07
8                      10.84
16                     11.54
32                     12.39
64                     13.97
128                    17.56
256                    23.51
512                    36.79
1024                   69.55
2048                  154.97
4096                  306.15
8192                  442.42
16384                 745.02
32768                1196.39
65536                1954.02
131072               3910.33
262144               7972.92
524288              16883.70
1048576             34455.20
2097152             69758.00
Flag 0
Flag 1
Flag 2
Flag 3
Flag 4
Flag 5

# OSU MPI Allgather Latency Test v5.6.2
# Size       Avg Latency(us)
1                      10.96
2                      10.51
4                      10.12
8                      11.62
16                     11.65
32                     12.46
64                     14.05
128                    17.74
256                    23.58
512                    37.20
1024                   69.39
2048                  158.26
4096                  307.11
8192                  444.67
16384                 754.80
32768                1187.90
65536                1957.09
131072               3909.43
262144               7966.88
524288              16892.55
1048576             34498.49
2097152             69838.25
Flag 0
Flag 1
Flag 2
Flag 3
Flag 4
Flag 5

# OSU MPI Allgather Latency Test v5.6.2
# Size       Avg Latency(us)
1                      10.86
2                       9.93
4                      10.07
8                      10.81
16                     11.77
32                     12.44
64                     14.05
128                    17.69
256                    23.79
512                    38.20
1024                   69.70
2048                  157.30
4096                  308.47
8192                  443.71
16384                 739.24
32768                1192.00
65536                1955.44
131072               3905.71
262144               7957.72
524288              16890.78
1048576             34686.05
2097152             69660.62
Flag 0
Flag 1
Flag 2
Flag 3
Flag 4
Flag 5

# OSU MPI Allgather Latency Test v5.6.2
# Size       Avg Latency(us)
1                      11.45
2                       9.71
4                      10.78
8                      10.79
16                     11.56
32                     12.38
64                     13.93
128                    17.62
256                    23.61
512                    37.44
1024                   69.13
2048                  156.38
4096                  308.08
8192                  443.28
16384                 743.55
32768                1192.74
65536                1955.56
131072               3912.12
262144               7975.41
524288              16936.40
1048576             34874.79
2097152             69835.05
Flag 0
Flag 1
Flag 2
Flag 3
Flag 4
Flag 5

# OSU MPI Allgather Latency Test v5.6.2
# Size       Avg Latency(us)
1                      10.96
2                       9.74
4                      10.11
8                      10.84
16                     11.60
32                     13.15
64                     14.00
128                    17.72
256                    23.85
512                    37.61
1024                   70.51
2048                  156.95
4096                  306.96
8192                  443.85
16384                 748.27
32768                1183.62
65536                1954.46
131072               3907.54
262144               7956.89
524288              16897.08
1048576             34682.25
2097152             69984.38
