Flag 0
Flag 1
Flag 2
Flag 3
Flag 4
Flag 5

# OSU MPI Allgather Latency Test v5.6.2
# Size       Avg Latency(us)
1                       9.04
2                      10.83
4                      10.65
8                      10.46
16                     10.94
32                     12.01
64                     15.98
128                    19.33
256                    27.50
512                    39.82
1024                  216.90
2048                  384.91
4096                  634.91
8192                  783.39
16384                1118.40
32768                1458.53
65536                2955.62
131072               6063.67
262144              12454.12
524288              26775.89
1048576             52637.99
2097152            130146.20
Flag 0
Flag 1
Flag 2
Flag 3
Flag 4
Flag 5

# OSU MPI Allgather Latency Test v5.6.2
# Size       Avg Latency(us)
1                      10.07
2                       9.08
4                       9.61
8                      10.47
16                     10.96
32                     13.07
64                     15.15
128                    19.21
256                    27.74
512                    38.85
1024                  216.19
2048                  384.65
4096                  630.30
8192                  783.77
16384                1118.94
32768                1457.89
65536                2941.56
131072               6018.54
262144              12416.98
524288              26706.43
1048576             52647.66
2097152            130020.67
Flag 0
Flag 1
Flag 2
Flag 3
Flag 4
Flag 5

# OSU MPI Allgather Latency Test v5.6.2
# Size       Avg Latency(us)
1                       9.06
2                       9.11
4                       9.71
8                      10.76
16                     11.99
32                     12.06
64                     14.86
128                    19.54
256                    29.72
512                    39.21
1024                  216.58
2048                  386.16
4096                  633.46
8192                  793.23
16384                1127.35
32768                1454.89
65536                2948.17
131072               6044.65
262144              12448.02
524288              26713.19
1048576             52583.49
2097152            130042.24
Flag 0
Flag 1
Flag 2
Flag 3
Flag 4
Flag 5

# OSU MPI Allgather Latency Test v5.6.2
# Size       Avg Latency(us)
1                       9.03
2                      10.11
4                       9.61
8                      10.45
16                     11.97
32                     12.33
64                     15.08
128                    19.24
256                    27.62
512                    39.94
1024                  216.11
2048                  390.30
4096                  630.21
8192                  789.23
16384                1125.84
32768                1453.89
65536                2940.11
131072               6023.44
262144              12416.87
524288              26612.02
1048576             52778.13
2097152            129998.01
Flag 0
Flag 1
Flag 2
Flag 3
Flag 4
Flag 5

# OSU MPI Allgather Latency Test v5.6.2
# Size       Avg Latency(us)
1                       9.06
2                       9.04
4                       9.94
8                      10.45
16                     10.98
32                     13.09
64                     16.00
128                    19.27
256                    28.83
512                    38.84
1024                  215.26
2048                  382.37
4096                  634.48
8192                  780.02
16384                1122.04
32768                1458.51
65536                2948.85
131072               6058.08
262144              12423.07
524288              26721.34
1048576             52610.46
2097152            129935.25
Flag 0
Flag 1
Flag 2
Flag 3
Flag 4
Flag 5

# OSU MPI Allgather Latency Test v5.6.2
# Size       Avg Latency(us)
1                       9.80
2                       9.05
4                      10.66
8                      10.47
16                     10.99
32                     12.08
64                     14.96
128                    19.13
256                    28.04
512                    38.74
1024                  216.50
2048                  386.06
4096                  633.05
8192                  778.28
16384                1128.23
32768                1455.46
65536                2945.91
131072               6017.37
262144              12423.52
524288              26751.32
1048576             52581.82
2097152            129961.45
Flag 0
Flag 1
Flag 2
Flag 3
Flag 4
Flag 5

# OSU MPI Allgather Latency Test v5.6.2
# Size       Avg Latency(us)
1                       9.37
2                      10.13
4                       9.63
8                      10.45
16                     11.03
32                     13.09
64                     14.82
128                    19.55
256                    27.57
512                    38.87
1024                  215.54
2048                  386.73
4096                  627.64
8192                  781.30
16384                1139.12
32768                1455.14
65536                2945.32
131072               6011.94
262144              12428.51
524288              26775.14
1048576             52711.22
2097152            130053.13
Flag 0
Flag 1
Flag 2
Flag 3
Flag 4
Flag 5

# OSU MPI Allgather Latency Test v5.6.2
# Size       Avg Latency(us)
1                      10.10
2                       9.17
4                      11.69
8                      10.48
16                     11.98
32                     12.05
64                     14.96
128                    19.17
256                    27.57
512                    39.33
1024                  217.53
2048                  391.62
4096                  633.37
8192                  780.26
16384                1130.90
32768                1454.68
65536                2946.87
131072               6007.35
262144              12460.35
524288              26767.22
1048576             52626.51
2097152            130131.32
Flag 0
Flag 1
Flag 2
Flag 3
Flag 4
Flag 5

# OSU MPI Allgather Latency Test v5.6.2
# Size       Avg Latency(us)
1                       9.06
2                       9.07
4                       9.59
8                      10.45
16                     11.13
32                     12.20
64                     15.22
128                    19.15
256                    27.50
512                    40.44
1024                  216.66
2048                  384.45
4096                  630.36
8192                  778.03
16384                1122.63
32768                1460.80
65536                2945.20
131072               6010.30
262144              12428.76
524288              26725.72
1048576             52617.24
2097152            130038.14
Flag 0
Flag 1
Flag 2
Flag 3
Flag 4
Flag 5

# OSU MPI Allgather Latency Test v5.6.2
# Size       Avg Latency(us)
1                       9.06
2                       9.07
4                       9.63
8                      11.20
16                     10.94
32                     12.02
64                     15.05
128                    19.47
256                    27.60
512                    38.88
1024                  215.85
2048                  384.73
4096                  630.18
8192                  790.95
16384                1130.09
32768                1458.41
65536                2943.67
131072               6014.88
262144              12455.68
524288              26740.62
1048576             52594.14
2097152            129984.74
Flag 0
Flag 1
Flag 2
Flag 3
Flag 4
Flag 5

# OSU MPI Allgather Latency Test v5.6.2
# Size       Avg Latency(us)
1                      10.18
2                       9.09
4                       9.65
8                      11.49
16                     10.96
32                     12.12
64                     14.98
128                    19.61
256                    27.99
512                    38.87
1024                  217.93
2048                  391.40
4096                  629.28
8192                  783.30
16384                1131.64
32768                1457.21
65536                2944.46
131072               6013.68
262144              12459.70
524288              26725.63
1048576             52591.49
2097152            129991.14
Flag 0
Flag 1
Flag 2
Flag 3
Flag 4
Flag 5

# OSU MPI Allgather Latency Test v5.6.2
# Size       Avg Latency(us)
1                       9.04
2                       9.09
4                       9.65
8                      10.49
16                     10.97
32                     12.05
64                     15.88
128                    19.54
256                    28.26
512                    39.75
1024                  216.83
2048                  388.44
4096                  630.33
8192                  796.44
16384                1140.70
32768                1457.57
65536                2948.34
131072               6019.11
262144              12439.84
524288              26759.03
1048576             52619.71
2097152            130229.13
Flag 0
Flag 1
Flag 2
Flag 3
Flag 4
Flag 5

# OSU MPI Allgather Latency Test v5.6.2
# Size       Avg Latency(us)
1                       9.03
2                       9.08
4                       9.63
8                      10.53
16                     10.97
32                     12.00
64                     14.94
128                    19.45
256                    27.88
512                    38.87
1024                  216.72
2048                  387.77
4096                  633.49
8192                  786.26
16384                1128.10
32768                1456.99
65536                2943.24
131072               6025.03
262144              12453.11
524288              26762.14
1048576             52607.67
2097152            130060.90
Flag 0
Flag 1
Flag 2
Flag 3
Flag 4
Flag 5

# OSU MPI Allgather Latency Test v5.6.2
# Size       Avg Latency(us)
1                       9.19
2                      10.81
4                       9.62
8                      10.48
16                     10.96
32                     12.06
64                     15.25
128                    19.37
256                    28.15
512                    39.07
1024                  216.17
2048                  384.99
4096                  631.08
8192                  774.68
16384                1132.99
32768                1456.25
65536                2948.49
131072               6020.37
262144              12421.66
524288              26741.18
1048576             52583.72
2097152            130020.28
Flag 0
Flag 1
Flag 2
Flag 3
Flag 4
Flag 5

# OSU MPI Allgather Latency Test v5.6.2
# Size       Avg Latency(us)
1                       9.11
2                       9.11
4                      10.64
8                      11.49
16                     11.70
32                     12.06
64                     14.95
128                    19.15
256                    28.31
512                    39.28
1024                  217.30
2048                  388.29
4096                  633.05
8192                  789.93
16384                1133.56
32768                1457.08
65536                2946.74
131072               6024.35
262144              12416.97
524288              26625.76
1048576             52627.40
2097152            130031.79
