Flag 0
Flag 1
Flag 2
Flag 3
Flag 4
Flag 5

# OSU MPI Allgather Latency Test v5.6.2
# Size       Avg Latency(us)
1                      11.81
2                      10.65
4                      11.06
8                      11.66
16                     12.32
32                     13.12
64                     14.32
128                    17.77
256                    23.99
512                    37.74
1024                   66.87
2048                   97.71
4096                  139.82
8192                  238.16
16384                 451.97
32768                1011.75
65536                2327.60
131072               8335.94
262144              16431.92
524288              29155.96
1048576             47750.41
2097152             84088.10
Flag 0
Flag 1
Flag 2
Flag 3
Flag 4
Flag 5

# OSU MPI Allgather Latency Test v5.6.2
# Size       Avg Latency(us)
1                      11.97
2                      10.74
4                      11.13
8                      11.77
16                     12.42
32                     13.18
64                     14.45
128                    17.93
256                    24.29
512                    38.44
1024                   67.10
2048                   97.70
4096                  138.99
8192                  240.03
16384                 453.64
32768                1017.94
65536                2325.38
131072               8353.89
262144              16444.75
524288              29189.21
1048576             47805.65
2097152             83112.58
Flag 0
Flag 1
Flag 2
Flag 3
Flag 4
Flag 5

# OSU MPI Allgather Latency Test v5.6.2
# Size       Avg Latency(us)
1                      11.83
2                      10.68
4                      11.18
8                      11.70
16                     12.32
32                     13.09
64                     14.42
128                    17.68
256                    23.85
512                    38.44
1024                   67.30
2048                   98.16
4096                  139.58
8192                  240.00
16384                 453.14
32768                1018.30
65536                2340.08
131072               8314.23
262144              16442.90
524288              29174.63
1048576             48064.31
2097152             84738.19
Flag 0
Flag 1
Flag 2
Flag 3
Flag 4
Flag 5

# OSU MPI Allgather Latency Test v5.6.2
# Size       Avg Latency(us)
1                      11.77
2                      12.10
4                      11.80
8                      11.72
16                     12.31
32                     13.06
64                     14.39
128                    17.82
256                    23.99
512                    38.14
1024                   67.05
2048                   97.80
4096                  139.52
8192                  238.85
16384                 452.67
32768                1014.72
65536                2323.59
131072               8320.71
262144              16465.32
524288              29111.77
1048576             47828.79
2097152             83781.66
Flag 0
Flag 1
Flag 2
Flag 3
Flag 4
Flag 5

# OSU MPI Allgather Latency Test v5.6.2
# Size       Avg Latency(us)
1                      11.78
2                      10.66
4                      11.10
8                      11.78
16                     12.44
32                     13.15
64                     15.19
128                    18.97
256                    24.03
512                    38.16
1024                   68.83
2048                   97.99
4096                  139.46
8192                  241.09
16384                 451.32
32768                1016.04
65536                2319.16
131072               8320.95
262144              16429.20
524288              29209.10
1048576             48163.36
2097152             84343.35
Flag 0
Flag 1
Flag 2
Flag 3
Flag 4
Flag 5

# OSU MPI Allgather Latency Test v5.6.2
# Size       Avg Latency(us)
1                      11.96
2                      10.70
4                      11.02
8                      11.68
16                     13.08
32                     13.14
64                     14.30
128                    18.10
256                    24.17
512                    38.93
1024                   66.71
2048                   98.08
4096                  139.86
8192                  241.66
16384                 453.90
32768                1016.18
65536                2333.84
131072               8332.45
262144              16436.82
524288              29102.27
1048576             47857.79
2097152             83676.69
Flag 0
Flag 1
Flag 2
Flag 3
Flag 4
Flag 5

# OSU MPI Allgather Latency Test v5.6.2
# Size       Avg Latency(us)
1                      11.68
2                      10.69
4                      11.06
8                      11.75
16                     12.36
32                     13.11
64                     14.38
128                    17.89
256                    24.12
512                    39.53
1024                   67.04
2048                   97.73
4096                  140.24
8192                  240.63
16384                 458.56
32768                1016.66
65536                2330.43
131072               8356.98
262144              16455.65
524288              28827.23
1048576             47763.81
2097152             83662.05
Flag 0
Flag 1
Flag 2
Flag 3
Flag 4
Flag 5

# OSU MPI Allgather Latency Test v5.6.2
# Size       Avg Latency(us)
1                      11.70
2                      10.71
4                      11.14
8                      11.78
16                     13.83
32                     13.20
64                     14.47
128                    18.04
256                    24.36
512                    38.86
1024                   67.26
2048                   97.71
4096                  139.91
8192                  239.60
16384                 457.32
32768                1012.66
65536                2333.51
131072               8328.28
262144              16445.33
524288              29208.11
1048576             47852.03
2097152             83288.04
Flag 0
Flag 1
Flag 2
Flag 3
Flag 4
Flag 5

# OSU MPI Allgather Latency Test v5.6.2
# Size       Avg Latency(us)
1                      11.72
2                      10.69
4                      11.06
8                      12.46
16                     13.14
32                     13.14
64                     14.33
128                    17.95
256                    24.22
512                    38.62
1024                   67.34
2048                   97.94
4096                  139.56
8192                  238.83
16384                 454.56
32768                1010.63
65536                2329.52
131072               8341.99
262144              16434.09
524288              29204.21
1048576             47867.29
2097152             83402.23
Flag 0
Flag 1
Flag 2
Flag 3
Flag 4
Flag 5

# OSU MPI Allgather Latency Test v5.6.2
# Size       Avg Latency(us)
1                      12.09
2                      11.47
4                      11.15
8                      11.83
16                     12.36
32                     13.11
64                     14.34
128                    17.77
256                    24.10
512                    39.33
1024                   67.02
2048                   97.68
4096                  137.70
8192                  239.63
16384                 452.70
32768                1013.50
65536                2325.26
131072               8338.16
262144              16437.96
524288              29152.44
1048576             48006.99
2097152             83875.92
Flag 0
Flag 1
Flag 2
Flag 3
Flag 4
Flag 5

# OSU MPI Allgather Latency Test v5.6.2
# Size       Avg Latency(us)
1                      11.69
2                      11.46
4                      11.06
8                      11.77
16                     12.39
32                     13.19
64                     14.41
128                    19.22
256                    24.00
512                    38.50
1024                   66.82
2048                   97.71
4096                  138.96
8192                  239.97
16384                 451.51
32768                1012.45
65536                2332.18
131072               8323.68
262144              16450.59
524288              29184.50
1048576             47878.35
2097152             83386.86
Flag 0
Flag 1
Flag 2
Flag 3
Flag 4
Flag 5

# OSU MPI Allgather Latency Test v5.6.2
# Size       Avg Latency(us)
1                      11.81
2                      10.70
4                      11.10
8                      11.72
16                     12.38
32                     13.09
64                     14.40
128                    17.95
256                    24.24
512                    38.70
1024                   66.99
2048                   97.25
4096                  139.67
8192                  238.43
16384                 454.23
32768                1014.98
65536                2338.07
131072               8335.95
262144              16438.95
524288              29097.57
1048576             47829.35
2097152             83811.35
Flag 0
Flag 1
Flag 2
Flag 3
Flag 4
Flag 5

# OSU MPI Allgather Latency Test v5.6.2
# Size       Avg Latency(us)
1                      11.83
2                      11.45
4                      11.09
8                      11.71
16                     13.19
32                     13.19
64                     14.37
128                    17.88
256                    24.81
512                    38.89
1024                   67.16
2048                   97.84
4096                  139.76
8192                  239.51
16384                 447.24
32768                1011.14
65536                2326.44
131072               8334.79
262144              16449.55
524288              29191.51
1048576             47811.94
2097152             82981.27
Flag 0
Flag 1
Flag 2
Flag 3
Flag 4
Flag 5

# OSU MPI Allgather Latency Test v5.6.2
# Size       Avg Latency(us)
1                      11.68
2                      11.52
4                      11.06
8                      12.48
16                     12.37
32                     13.19
64                     14.46
128                    17.93
256                    24.21
512                    38.27
1024                   66.98
2048                   98.58
4096                  139.87
8192                  241.15
16384                 453.73
32768                1017.68
65536                2339.00
131072               8344.91
262144              16457.19
524288              29205.80
1048576             47795.78
2097152             83762.66
Flag 0
Flag 1
Flag 2
Flag 3
Flag 4
Flag 5

# OSU MPI Allgather Latency Test v5.6.2
# Size       Avg Latency(us)
1                      12.07
2                      10.70
4                      11.05
8                      12.45
16                     13.05
32                     13.08
64                     14.28
128                    17.83
256                    24.08
512                    39.01
1024                   66.82
2048                   97.56
4096                  139.36
8192                  240.22
16384                 451.77
32768                1011.98
65536                2331.36
131072               8337.06
262144              16452.97
524288              29209.70
1048576             47683.59
2097152             83651.78
