Flag 0
Flag 1
Flag 2
Flag 3
Flag 4
Flag 5

# OSU MPI Allgather Latency Test v5.6.2
# Size       Avg Latency(us)
1                      11.31
2                      11.34
4                      10.99
8                      11.69
16                     12.16
32                     13.03
64                     15.98
128                    19.72
256                    28.55
512                    40.56
1024                   69.07
2048                  100.07
4096                  196.13
8192                  381.50
16384                 760.17
32768                1783.06
65536                3861.90
131072              12363.86
262144              24497.52
524288              44355.57
1048576             74936.35
2097152            160344.47
Flag 0
Flag 1
Flag 2
Flag 3
Flag 4
Flag 5

# OSU MPI Allgather Latency Test v5.6.2
# Size       Avg Latency(us)
1                      10.02
2                      10.34
4                      10.98
8                      11.70
16                     12.14
32                     14.93
64                     15.47
128                    19.83
256                    28.17
512                    40.53
1024                   69.10
2048                   99.68
4096                  197.10
8192                  381.60
16384                 771.73
32768                1790.80
65536                3871.92
131072              12366.17
262144              24507.98
524288              44234.89
1048576             74268.44
2097152            158644.55
Flag 0
Flag 1
Flag 2
Flag 3
Flag 4
Flag 5

# OSU MPI Allgather Latency Test v5.6.2
# Size       Avg Latency(us)
1                      10.05
2                      10.40
4                      12.02
8                      12.02
16                     12.33
32                     15.19
64                     15.49
128                    19.75
256                    28.06
512                    41.00
1024                   69.09
2048                  100.40
4096                  196.25
8192                  387.97
16384                 771.29
32768                1781.25
65536                3868.28
131072              12365.84
262144              24473.60
524288              44201.55
1048576             73942.42
2097152            158700.67
Flag 0
Flag 1
Flag 2
Flag 3
Flag 4
Flag 5

# OSU MPI Allgather Latency Test v5.6.2
# Size       Avg Latency(us)
1                      11.15
2                      10.38
4                      11.02
8                      11.73
16                     12.16
32                     12.93
64                     15.49
128                    19.91
256                    28.11
512                    40.58
1024                   69.21
2048                   99.96
4096                  196.06
8192                  380.46
16384                 774.59
32768                1785.75
65536                3878.36
131072              12385.93
262144              24514.20
524288              44219.24
1048576             74193.36
2097152            158509.91
Flag 0
Flag 1
Flag 2
Flag 3
Flag 4
Flag 5

# OSU MPI Allgather Latency Test v5.6.2
# Size       Avg Latency(us)
1                      10.08
2                      10.34
4                      11.02
8                      11.69
16                     12.23
32                     12.93
64                     16.47
128                    20.78
256                    29.18
512                    40.49
1024                   69.22
2048                   99.71
4096                  196.08
8192                  379.14
16384                 777.60
32768                1785.81
65536                3878.99
131072              12384.22
262144              24489.83
524288              44324.66
1048576             74110.06
2097152            159487.70
Flag 0
Flag 1
Flag 2
Flag 3
Flag 4
Flag 5

# OSU MPI Allgather Latency Test v5.6.2
# Size       Avg Latency(us)
1                      11.10
2                      10.38
4                      11.02
8                      11.70
16                     12.49
32                     13.13
64                     15.74
128                    19.94
256                    28.16
512                    40.99
1024                   69.12
2048                  100.17
4096                  197.45
8192                  388.35
16384                 771.78
32768                1789.50
65536                3867.12
131072              12380.57
262144              24507.87
524288              44184.88
1048576             73902.66
2097152            158625.35
Flag 0
Flag 1
Flag 2
Flag 3
Flag 4
Flag 5

# OSU MPI Allgather Latency Test v5.6.2
# Size       Avg Latency(us)
1                      10.16
2                      10.39
4                      11.00
8                      11.72
16                     12.16
32                     13.95
64                     16.51
128                    19.81
256                    28.36
512                    41.33
1024                   69.12
2048                   99.65
4096                  196.20
8192                  382.16
16384                 766.73
32768                1787.75
65536                3871.17
131072              12384.75
262144              24517.57
524288              44298.34
1048576             74570.15
2097152            159837.36
Flag 0
Flag 1
Flag 2
Flag 3
Flag 4
Flag 5

# OSU MPI Allgather Latency Test v5.6.2
# Size       Avg Latency(us)
1                      10.01
2                      10.34
4                      11.01
8                      12.69
16                     12.16
32                     13.03
64                     15.60
128                    19.85
256                    28.35
512                    40.98
1024                   69.06
2048                   99.74
4096                  197.64
8192                  383.32
16384                 789.58
32768                1789.63
65536                3875.38
131072              12369.25
262144              24492.15
524288              44272.64
1048576             74127.63
2097152            159876.18
Flag 0
Flag 1
Flag 2
Flag 3
Flag 4
Flag 5

# OSU MPI Allgather Latency Test v5.6.2
# Size       Avg Latency(us)
1                      10.05
2                      11.36
4                      11.00
8                      12.72
16                     12.16
32                     14.97
64                     15.51
128                    20.13
256                    28.17
512                    40.54
1024                   68.90
2048                   99.98
4096                  195.80
8192                  380.33
16384                 773.50
32768                1788.27
65536                3874.69
131072              12400.71
262144              24504.96
524288              44251.54
1048576             74473.13
2097152            159381.33
Flag 0
Flag 1
Flag 2
Flag 3
Flag 4
Flag 5

# OSU MPI Allgather Latency Test v5.6.2
# Size       Avg Latency(us)
1                      10.05
2                      10.34
4                      11.99
8                      11.70
16                     12.15
32                     13.00
64                     15.96
128                    19.88
256                    28.06
512                    41.26
1024                   68.82
2048                   99.63
4096                  196.32
8192                  387.93
16384                 770.99
32768                1783.37
65536                3889.66
131072              12399.32
262144              24514.75
524288              44346.43
1048576             74481.97
2097152            160514.54
Flag 0
Flag 1
Flag 2
Flag 3
Flag 4
Flag 5

# OSU MPI Allgather Latency Test v5.6.2
# Size       Avg Latency(us)
1                      10.02
2                      11.36
4                      10.96
8                      11.69
16                     12.14
32                     12.92
64                     15.47
128                    19.81
256                    27.99
512                    40.57
1024                   68.97
2048                   99.97
4096                  195.65
8192                  381.32
16384                 759.49
32768                1795.06
65536                3892.88
131072              12394.73
262144              24508.22
524288              44259.57
1048576             74115.08
2097152            159025.55
Flag 0
Flag 1
Flag 2
Flag 3
Flag 4
Flag 5

# OSU MPI Allgather Latency Test v5.6.2
# Size       Avg Latency(us)
1                      10.06
2                      10.38
4                      11.04
8                      11.70
16                     12.18
32                     12.98
64                     16.53
128                    19.85
256                    28.14
512                    40.62
1024                   68.91
2048                   99.46
4096                  196.16
8192                  378.96
16384                 789.18
32768                1793.64
65536                3876.07
131072              12407.47
262144              24530.32
524288              44289.76
1048576             73992.38
2097152            158140.90
Flag 0
Flag 1
Flag 2
Flag 3
Flag 4
Flag 5

# OSU MPI Allgather Latency Test v5.6.2
# Size       Avg Latency(us)
1                      11.06
2                      10.37
4                      11.02
8                      11.74
16                     12.16
32                     13.32
64                     15.57
128                    19.82
256                    28.07
512                    41.28
1024                   69.27
2048                  100.39
4096                  196.51
8192                  388.73
16384                 776.10
32768                1787.79
65536                3881.80
131072              12392.28
262144              24514.50
524288              44269.34
1048576             74503.51
2097152            158674.44
Flag 0
Flag 1
Flag 2
Flag 3
Flag 4
Flag 5

# OSU MPI Allgather Latency Test v5.6.2
# Size       Avg Latency(us)
1                      10.13
2                      10.34
4                      11.01
8                      11.72
16                     12.18
32                     13.93
64                     15.57
128                    19.73
256                    28.28
512                    40.64
1024                   69.15
2048                   99.70
4096                  196.74
8192                  378.41
16384                 779.61
32768                1787.65
65536                3868.73
131072              12366.95
262144              24498.92
524288              44247.14
1048576             74326.55
2097152            159099.42
Flag 0
Flag 1
Flag 2
Flag 3
Flag 4
Flag 5

# OSU MPI Allgather Latency Test v5.6.2
# Size       Avg Latency(us)
1                      10.11
2                      10.41
4                      11.77
8                      11.78
16                     12.15
32                     12.94
64                     15.62
128                    20.03
256                    28.30
512                    40.53
1024                   68.96
2048                   99.71
4096                  195.09
8192                  378.99
16384                 783.19
32768                1793.17
65536                3899.18
131072              12413.87
262144              24521.77
524288              44190.08
1048576             73817.20
2097152            157260.13
