Flag 0
Flag 1
Flag 2
Flag 3
Flag 4
Flag 5

# OSU MPI Allgather Latency Test v5.6.2
# Size       Avg Latency(us)
1                      42.79
2                      41.42
4                      42.08
8                      44.05
16                     42.12
32                     45.21
64                     49.00
128                    57.10
256                    79.28
512                   114.05
1024                  189.17
2048                  176.72
4096                  269.84
8192                  501.10
16384                1500.51
32768                2797.62
65536                5646.76
131072              11805.59
262144              24760.31
524288              51153.63
1048576            106963.93
2097152            220594.58
Flag 0
Flag 1
Flag 2
Flag 3
Flag 4
Flag 5

# OSU MPI Allgather Latency Test v5.6.2
# Size       Avg Latency(us)
1                      42.75
2                      41.41
4                      42.00
8                      44.00
16                     41.97
32                     45.16
64                     48.97
128                    57.10
256                    79.05
512                   113.84
1024                  189.03
2048                  177.07
4096                  270.01
8192                  498.00
16384                1508.48
32768                2791.95
65536                5763.27
131072              11956.39
262144              24625.72
524288              51021.60
1048576            106598.52
2097152            220670.36
Flag 0
Flag 1
Flag 2
Flag 3
Flag 4
Flag 5

# OSU MPI Allgather Latency Test v5.6.2
# Size       Avg Latency(us)
1                      42.87
2                      41.47
4                      42.07
8                      44.09
16                     41.99
32                     45.18
64                     48.97
128                    56.96
256                    79.04
512                   113.82
1024                  189.29
2048                  176.64
4096                  269.94
8192                  498.29
16384                1510.02
32768                2817.10
65536                5820.63
131072              12023.36
262144              24838.90
524288              51382.48
1048576            106949.14
2097152            221353.45
Flag 0
Flag 1
Flag 2
Flag 3
Flag 4
Flag 5

# OSU MPI Allgather Latency Test v5.6.2
# Size       Avg Latency(us)
1                      42.79
2                      41.34
4                      42.01
8                      43.97
16                     41.97
32                     45.21
64                     48.91
128                    57.01
256                    79.05
512                   113.92
1024                  189.01
2048                  176.45
4096                  269.62
8192                  503.09
16384                1507.02
32768                2817.34
65536                5614.40
131072              11903.63
262144              24635.64
524288              51114.75
1048576            106761.32
2097152            220170.57
Flag 0
Flag 1
Flag 2
Flag 3
Flag 4
Flag 5

# OSU MPI Allgather Latency Test v5.6.2
# Size       Avg Latency(us)
1                      42.82
2                      41.48
4                      42.12
8                      44.06
16                     42.03
32                     45.13
64                     48.98
128                    57.03
256                    79.01
512                   113.72
1024                  188.95
2048                  176.65
4096                  270.03
8192                  501.62
16384                1508.91
32768                2791.05
65536                5634.44
131072              11992.52
262144              24752.64
524288              51289.11
1048576            106784.98
2097152            221031.40
Flag 0
Flag 1
Flag 2
Flag 3
Flag 4
Flag 5

# OSU MPI Allgather Latency Test v5.6.2
# Size       Avg Latency(us)
1                      42.78
2                      41.39
4                      42.07
8                      43.98
16                     42.00
32                     45.13
64                     48.95
128                    56.92
256                    79.05
512                   113.88
1024                  189.01
2048                  176.76
4096                  270.36
8192                  503.72
16384                1508.98
32768                2810.71
65536                5796.19
131072              12038.44
262144              24878.87
524288              51134.28
1048576            107033.85
2097152            220557.08
Flag 0
Flag 1
Flag 2
Flag 3
Flag 4
Flag 5

# OSU MPI Allgather Latency Test v5.6.2
# Size       Avg Latency(us)
1                      42.74
2                      41.36
4                      42.11
8                      43.98
16                     41.97
32                     45.08
64                     48.94
128                    56.98
256                    79.12
512                   113.86
1024                  189.28
2048                  176.78
4096                  269.59
8192                  499.72
16384                1507.68
32768                2805.53
65536                5722.65
131072              11959.63
262144              24821.04
524288              51371.03
1048576            107056.36
2097152            221099.34
Flag 0
Flag 1
Flag 2
Flag 3
Flag 4
Flag 5

# OSU MPI Allgather Latency Test v5.6.2
# Size       Avg Latency(us)
1                      42.72
2                      41.35
4                      42.06
8                      43.93
16                     42.07
32                     45.02
64                     48.95
128                    57.04
256                    79.12
512                   113.80
1024                  189.02
2048                  175.87
4096                  269.47
8192                  498.72
16384                1507.93
32768                2801.05
65536                5690.73
131072              11950.87
262144              24741.45
524288              51102.68
1048576            107012.79
2097152            220198.29
Flag 0
Flag 1
Flag 2
Flag 3
Flag 4
Flag 5

# OSU MPI Allgather Latency Test v5.6.2
# Size       Avg Latency(us)
1                      42.82
2                      41.48
4                      42.15
8                      44.07
16                     42.04
32                     45.05
64                     48.95
128                    56.85
256                    79.09
512                   113.76
1024                  189.08
2048                  176.12
4096                  269.59
8192                  501.85
16384                1508.33
32768                2822.33
65536                5727.01
131072              11973.05
262144              24757.47
524288              51016.56
1048576            106887.67
2097152            220514.72
Flag 0
Flag 1
Flag 2
Flag 3
Flag 4
Flag 5

# OSU MPI Allgather Latency Test v5.6.2
# Size       Avg Latency(us)
1                      42.74
2                      41.34
4                      42.08
8                      43.93
16                     42.06
32                     45.12
64                     48.96
128                    56.95
256                    79.07
512                   113.88
1024                  189.08
2048                  176.15
4096                  270.19
8192                  492.95
16384                1511.46
32768                2802.55
65536                5740.58
131072              12000.17
262144              24717.65
524288              51280.09
1048576            106653.92
2097152            220904.52
Flag 0
Flag 1
Flag 2
Flag 3
Flag 4
Flag 5

# OSU MPI Allgather Latency Test v5.6.2
# Size       Avg Latency(us)
1                      42.83
2                      41.44
4                      42.07
8                      44.00
16                     42.04
32                     45.14
64                     48.98
128                    57.00
256                    79.07
512                   113.87
1024                  189.15
2048                  176.15
4096                  269.54
8192                  499.53
16384                1509.35
32768                2803.87
65536                5823.09
131072              12131.12
262144              24917.49
524288              51346.57
1048576            106584.51
2097152            220419.56
Flag 0
Flag 1
Flag 2
Flag 3
Flag 4
Flag 5

# OSU MPI Allgather Latency Test v5.6.2
# Size       Avg Latency(us)
1                      42.70
2                      41.41
4                      42.07
8                      44.00
16                     42.00
32                     45.14
64                     48.95
128                    57.02
256                    79.15
512                   114.01
1024                  189.08
2048                  176.41
4096                  269.91
8192                  512.29
16384                1502.95
32768                2818.65
65536                5746.71
131072              11855.36
262144              24756.92
524288              51190.70
1048576            106702.46
2097152            221015.19
Flag 0
Flag 1
Flag 2
Flag 3
Flag 4
Flag 5

# OSU MPI Allgather Latency Test v5.6.2
# Size       Avg Latency(us)
1                      42.70
2                      41.35
4                      42.04
8                      43.95
16                     41.96
32                     45.11
64                     48.98
128                    56.92
256                    79.01
512                   113.80
1024                  189.13
2048                  176.31
4096                  270.44
8192                  501.84
16384                1508.39
32768                2813.25
65536                5784.44
131072              12025.31
262144              24941.72
524288              51441.90
1048576            107417.70
2097152            221803.63
Flag 0
Flag 1
Flag 2
Flag 3
Flag 4
Flag 5

# OSU MPI Allgather Latency Test v5.6.2
# Size       Avg Latency(us)
1                      42.74
2                      41.39
4                      42.04
8                      43.99
16                     42.01
32                     45.14
64                     48.95
128                    57.01
256                    79.18
512                   113.90
1024                  189.04
2048                  176.57
4096                  269.70
8192                  498.77
16384                1508.21
32768                2789.18
65536                5712.47
131072              11836.77
262144              24718.39
524288              51119.63
1048576            106520.06
2097152            220359.13
Flag 0
Flag 1
Flag 2
Flag 3
Flag 4
Flag 5

# OSU MPI Allgather Latency Test v5.6.2
# Size       Avg Latency(us)
1                      42.82
2                      41.38
4                      42.03
8                      43.98
16                     42.05
32                     45.10
64                     48.94
128                    57.09
256                    78.99
512                   113.85
1024                  189.11
2048                  176.36
4096                  269.58
8192                  502.20
16384                1505.06
32768                2818.89
65536                5840.68
131072              12115.08
262144              24926.03
524288              51442.93
1048576            106811.03
2097152            220707.03
