Flag 0
Flag 1
Flag 2
Flag 3
Flag 4
Flag 5

# OSU MPI Allgather Latency Test v5.6.2
# Size       Avg Latency(us)
1                      41.26
2                      40.28
4                      41.19
8                      43.58
16                     40.04
32                     42.97
64                     45.71
128                    51.31
256                    59.58
512                    75.64
1024                  114.05
2048                  188.74
4096                 1010.43
8192                 1909.03
16384                4601.24
32768                8502.46
65536               15767.50
131072              29920.46
262144              59683.62
524288             119323.48
1048576            238686.90
2097152            513587.50
Flag 0
Flag 1
Flag 2
Flag 3
Flag 4
Flag 5

# OSU MPI Allgather Latency Test v5.6.2
# Size       Avg Latency(us)
1                      41.08
2                      40.10
4                      40.93
8                      43.39
16                     39.92
32                     42.78
64                     45.66
128                    51.22
256                    59.62
512                    75.71
1024                  113.98
2048                  188.87
4096                 1018.57
8192                 1915.99
16384                4594.74
32768                8504.89
65536               15773.81
131072              29907.69
262144              59690.72
524288             119323.15
1048576            238652.43
2097152            513435.11
Flag 0
Flag 1
Flag 2
Flag 3
Flag 4
Flag 5

# OSU MPI Allgather Latency Test v5.6.2
# Size       Avg Latency(us)
1                      41.05
2                      40.07
4                      40.96
8                      43.27
16                     39.75
32                     42.80
64                     45.63
128                    51.18
256                    59.61
512                    75.62
1024                  114.12
2048                  189.00
4096                 1016.03
8192                 1924.95
16384                4601.99
32768                8503.92
65536               15740.62
131072              29908.10
262144              59684.31
524288             119324.72
1048576            238671.74
2097152            513674.13
Flag 0
Flag 1
Flag 2
Flag 3
Flag 4
Flag 5

# OSU MPI Allgather Latency Test v5.6.2
# Size       Avg Latency(us)
1                      41.73
2                      40.31
4                      41.47
8                      43.76
16                     39.95
32                     43.04
64                     45.75
128                    51.25
256                    59.61
512                    75.61
1024                  114.74
2048                  188.62
4096                  998.23
8192                 1889.03
16384                4599.32
32768                8501.26
65536               15751.05
131072              29889.63
262144              59694.21
524288             119333.97
1048576            238787.47
2097152            513840.51
Flag 0
Flag 1
Flag 2
Flag 3
Flag 4
Flag 5

# OSU MPI Allgather Latency Test v5.6.2
# Size       Avg Latency(us)
1                      41.41
2                      40.38
4                      41.20
8                      43.59
16                     40.14
32                     43.38
64                     45.91
128                    51.33
256                    59.77
512                    75.66
1024                  114.02
2048                  189.04
4096                 1003.40
8192                 1927.47
16384                4601.32
32768                8507.60
65536               15769.59
131072              29935.05
262144              59692.17
524288             119330.95
1048576            238701.31
2097152            513638.60
Flag 0
Flag 1
Flag 2
Flag 3
Flag 4
Flag 5

# OSU MPI Allgather Latency Test v5.6.2
# Size       Avg Latency(us)
1                      41.69
2                      40.54
4                      41.34
8                      43.86
16                     40.14
32                     43.25
64                     45.92
128                    51.41
256                    59.80
512                    75.70
1024                  114.12
2048                  189.44
4096                 1004.34
8192                 1904.02
16384                4604.19
32768                8507.80
65536               15751.15
131072              29886.58
262144              59697.79
524288             119339.18
1048576            238696.41
2097152            513664.58
Flag 0
Flag 1
Flag 2
Flag 3
Flag 4
Flag 5

# OSU MPI Allgather Latency Test v5.6.2
# Size       Avg Latency(us)
1                      41.24
2                      40.12
4                      41.04
8                      43.44
16                     39.95
32                     42.94
64                     45.74
128                    51.24
256                    59.64
512                    75.65
1024                  114.65
2048                  188.89
4096                 1006.98
8192                 1919.96
16384                4584.92
32768                8485.00
65536               15745.69
131072              29900.56
262144              59655.36
524288             119288.89
1048576            238695.53
2097152            513673.21
Flag 0
Flag 1
Flag 2
Flag 3
Flag 4
Flag 5

# OSU MPI Allgather Latency Test v5.6.2
# Size       Avg Latency(us)
1                      41.46
2                      40.39
4                      41.28
8                      43.79
16                     40.13
32                     43.06
64                     45.85
128                    51.37
256                    59.68
512                    75.65
1024                  114.07
2048                  188.98
4096                 1001.33
8192                 1910.26
16384                4600.16
32768                8507.53
65536               15716.65
131072              29924.43
262144              59691.13
524288             119310.73
1048576            238662.16
2097152            513867.79
Flag 0
Flag 1
Flag 2
Flag 3
Flag 4
Flag 5

# OSU MPI Allgather Latency Test v5.6.2
# Size       Avg Latency(us)
1                      42.08
2                      40.59
4                      41.62
8                      44.15
16                     40.56
32                     43.91
64                     46.21
128                    51.52
256                    59.85
512                    75.75
1024                  114.29
2048                  189.82
4096                  987.77
8192                 1928.66
16384                4597.52
32768                8510.43
65536               15769.62
131072              29895.45
262144              59679.45
524288             119311.60
1048576            238682.18
2097152            513674.02
Flag 0
Flag 1
Flag 2
Flag 3
Flag 4
Flag 5

# OSU MPI Allgather Latency Test v5.6.2
# Size       Avg Latency(us)
1                      43.15
2                      41.30
4                      42.20
8                      44.64
16                     41.20
32                     44.11
64                     46.66
128                    51.97
256                    59.99
512                    75.65
1024                  114.10
2048                  188.91
4096                  989.73
8192                 1929.39
16384                4603.41
32768                8507.81
65536               15736.67
131072              29901.51
262144              59660.79
524288             119305.93
1048576            238666.97
2097152            513599.66
Flag 0
Flag 1
Flag 2
Flag 3
Flag 4
Flag 5

# OSU MPI Allgather Latency Test v5.6.2
# Size       Avg Latency(us)
1                      41.57
2                      40.38
4                      41.28
8                      43.69
16                     40.12
32                     43.06
64                     45.88
128                    51.39
256                    59.72
512                    75.61
1024                  113.72
2048                  188.90
4096                  997.50
8192                 1911.93
16384                4595.35
32768                8506.17
65536               15752.59
131072              29924.30
262144              59694.74
524288             119323.11
1048576            238660.50
2097152            513541.58
Flag 0
Flag 1
Flag 2
Flag 3
Flag 4
Flag 5

# OSU MPI Allgather Latency Test v5.6.2
# Size       Avg Latency(us)
1                      41.95
2                      40.53
4                      41.76
8                      43.98
16                     40.54
32                     43.46
64                     46.03
128                    51.53
256                    59.76
512                    75.73
1024                  114.62
2048                  188.95
4096                 1016.31
8192                 1909.62
16384                4594.31
32768                8510.41
65536               15785.99
131072              29925.93
262144              59698.04
524288             119325.05
1048576            238691.14
2097152            513813.33
Flag 0
Flag 1
Flag 2
Flag 3
Flag 4
Flag 5

# OSU MPI Allgather Latency Test v5.6.2
# Size       Avg Latency(us)
1                      41.11
2                      40.11
4                      40.93
8                      43.42
16                     39.83
32                     42.85
64                     45.76
128                    51.27
256                    59.66
512                    75.70
1024                  114.07
2048                  189.16
4096                  995.24
8192                 1915.64
16384                4603.61
32768                8512.24
65536               15737.53
131072              29912.93
262144              59682.12
524288             119324.42
1048576            238672.44
2097152            513863.86
Flag 0
Flag 1
Flag 2
Flag 3
Flag 4
Flag 5

# OSU MPI Allgather Latency Test v5.6.2
# Size       Avg Latency(us)
1                      41.26
2                      40.22
4                      41.03
8                      43.58
16                     40.00
32                     42.94
64                     45.77
128                    51.40
256                    59.63
512                    75.69
1024                  113.94
2048                  188.84
4096                 1006.61
8192                 1915.84
16384                4607.01
32768                8521.80
65536               15760.14
131072              29895.68
262144              59677.01
524288             119328.30
1048576            238753.50
2097152            513639.34
Flag 0
Flag 1
Flag 2
Flag 3
Flag 4
Flag 5

# OSU MPI Allgather Latency Test v5.6.2
# Size       Avg Latency(us)
1                      43.23
2                      41.92
4                      42.53
8                      44.88
16                     41.35
32                     44.67
64                     47.10
128                    52.07
256                    59.97
512                    75.78
1024                  114.06
2048                  189.20
4096                  985.31
8192                 1898.32
16384                4598.17
32768                8509.35
65536               15755.92
131072              29893.52
262144              59698.94
524288             119338.00
1048576            238677.89
2097152            513770.96
