Flag 0
Flag 1
Flag 2
Flag 3
Flag 4
Flag 5

# OSU MPI Allgather Latency Test v5.6.2
# Size       Avg Latency(us)
1                      23.67
2                      21.06
4                      21.18
8                      21.41
16                     21.98
32                     22.65
64                     24.75
128                    27.91
256                    34.27
512                    43.92
1024                   62.62
2048                   97.29
4096                  184.58
8192                  407.78
16384                1142.61
32768                4666.25
65536                9444.79
131072              20120.48
262144              43483.44
524288              86257.27
1048576            165678.90
2097152            335979.72
Flag 0
Flag 1
Flag 2
Flag 3
Flag 4
Flag 5

# OSU MPI Allgather Latency Test v5.6.2
# Size       Avg Latency(us)
1                      23.63
2                      21.06
4                      21.26
8                      21.45
16                     22.00
32                     22.66
64                     24.72
128                    27.95
256                    34.33
512                    43.89
1024                   62.71
2048                   97.27
4096                  184.40
8192                  409.19
16384                1139.89
32768                4649.78
65536                9503.68
131072              20287.85
262144              43619.46
524288              86222.79
1048576            165887.63
2097152            336622.97
Flag 0
Flag 1
Flag 2
Flag 3
Flag 4
Flag 5

# OSU MPI Allgather Latency Test v5.6.2
# Size       Avg Latency(us)
1                      23.64
2                      21.12
4                      21.28
8                      21.47
16                     22.03
32                     22.65
64                     24.77
128                    28.02
256                    34.28
512                    43.92
1024                   62.69
2048                   97.27
4096                  183.91
8192                  407.05
16384                1140.58
32768                4520.22
65536                9454.83
131072              20087.00
262144              43343.86
524288              86093.15
1048576            165451.75
2097152            336644.52
Flag 0
Flag 1
Flag 2
Flag 3
Flag 4
Flag 5

# OSU MPI Allgather Latency Test v5.6.2
# Size       Avg Latency(us)
1                      23.65
2                      21.13
4                      21.33
8                      21.54
16                     21.99
32                     22.69
64                     24.82
128                    27.91
256                    34.25
512                    43.89
1024                   62.67
2048                   97.03
4096                  184.66
8192                  407.49
16384                1143.91
32768                4625.21
65536                9417.91
131072              20241.46
262144              43617.25
524288              86079.09
1048576            165612.02
2097152            336277.00
Flag 0
Flag 1
Flag 2
Flag 3
Flag 4
Flag 5

# OSU MPI Allgather Latency Test v5.6.2
# Size       Avg Latency(us)
1                      23.66
2                      21.07
4                      21.26
8                      21.45
16                     22.02
32                     22.64
64                     24.74
128                    27.95
256                    34.28
512                    43.77
1024                   62.57
2048                   97.22
4096                  183.58
8192                  406.47
16384                1135.64
32768                4807.22
65536                9675.84
131072              20341.38
262144              43615.78
524288              86412.68
1048576            165835.86
2097152            337311.73
Flag 0
Flag 1
Flag 2
Flag 3
Flag 4
Flag 5

# OSU MPI Allgather Latency Test v5.6.2
# Size       Avg Latency(us)
1                      23.79
2                      21.13
4                      21.32
8                      21.49
16                     22.00
32                     22.71
64                     24.83
128                    27.95
256                    34.27
512                    43.93
1024                   62.60
2048                   97.13
4096                  183.98
8192                  410.52
16384                1150.64
32768                4598.22
65536                9640.38
131072              20442.16
262144              43772.48
524288              86717.52
1048576            165750.17
2097152            337236.03
Flag 0
Flag 1
Flag 2
Flag 3
Flag 4
Flag 5

# OSU MPI Allgather Latency Test v5.6.2
# Size       Avg Latency(us)
1                      23.82
2                      21.14
4                      21.30
8                      21.49
16                     22.02
32                     22.68
64                     24.80
128                    27.97
256                    34.33
512                    43.88
1024                   62.78
2048                   97.09
4096                  184.17
8192                  409.91
16384                1139.99
32768                4723.13
65536                9628.31
131072              20496.74
262144              43680.05
524288              86629.74
1048576            166467.49
2097152            337751.99
Flag 0
Flag 1
Flag 2
Flag 3
Flag 4
Flag 5

# OSU MPI Allgather Latency Test v5.6.2
# Size       Avg Latency(us)
1                      23.73
2                      21.14
4                      21.29
8                      21.52
16                     22.04
32                     22.76
64                     24.78
128                    27.95
256                    34.35
512                    43.88
1024                   62.72
2048                   97.37
4096                  183.76
8192                  406.69
16384                1139.52
32768                4657.27
65536                9626.44
131072              20456.32
262144              43828.51
524288              86621.05
1048576            165299.37
2097152            336519.80
Flag 0
Flag 1
Flag 2
Flag 3
Flag 4
Flag 5

# OSU MPI Allgather Latency Test v5.6.2
# Size       Avg Latency(us)
1                      23.70
2                      21.06
4                      21.25
8                      21.43
16                     21.97
32                     22.67
64                     24.71
128                    27.88
256                    34.28
512                    43.88
1024                   62.73
2048                   97.35
4096                  184.30
8192                  408.01
16384                1146.50
32768                4571.81
65536                9582.69
131072              20180.50
262144              43968.04
524288              86092.51
1048576            165422.04
2097152            337564.52
Flag 0
Flag 1
Flag 2
Flag 3
Flag 4
Flag 5

# OSU MPI Allgather Latency Test v5.6.2
# Size       Avg Latency(us)
1                      23.70
2                      21.12
4                      21.27
8                      21.44
16                     22.06
32                     22.69
64                     24.92
128                    27.94
256                    34.28
512                    43.90
1024                   62.67
2048                   97.38
4096                  184.28
8192                  408.78
16384                1147.68
32768                4637.71
65536                9653.96
131072              20504.60
262144              43799.76
524288              86245.41
1048576            165082.37
2097152            336658.80
Flag 0
Flag 1
Flag 2
Flag 3
Flag 4
Flag 5

# OSU MPI Allgather Latency Test v5.6.2
# Size       Avg Latency(us)
1                      23.70
2                      21.11
4                      21.27
8                      21.43
16                     22.10
32                     22.67
64                     24.78
128                    28.02
256                    34.34
512                    43.93
1024                   62.57
2048                   97.15
4096                  183.86
8192                  405.82
16384                1140.54
32768                4586.36
65536                9434.96
131072              20206.54
262144              43927.85
524288              86361.74
1048576            165833.77
2097152            337177.14
Flag 0
Flag 1
Flag 2
Flag 3
Flag 4
Flag 5

# OSU MPI Allgather Latency Test v5.6.2
# Size       Avg Latency(us)
1                      23.62
2                      21.06
4                      21.23
8                      21.43
16                     21.95
32                     22.63
64                     24.74
128                    27.90
256                    34.31
512                    43.88
1024                   62.79
2048                   97.35
4096                  184.59
8192                  408.02
16384                1142.99
32768                4634.38
65536                9678.07
131072              20516.62
262144              43860.61
524288              86466.54
1048576            165812.71
2097152            337560.83
Flag 0
Flag 1
Flag 2
Flag 3
Flag 4
Flag 5

# OSU MPI Allgather Latency Test v5.6.2
# Size       Avg Latency(us)
1                      23.69
2                      21.10
4                      21.35
8                      21.45
16                     22.02
32                     22.70
64                     24.80
128                    28.01
256                    34.30
512                    43.91
1024                   62.65
2048                   97.40
4096                  185.54
8192                  408.84
16384                1145.40
32768                4660.44
65536                9678.10
131072              20297.21
262144              43625.78
524288              86076.96
1048576            165863.35
2097152            337119.97
Flag 0
Flag 1
Flag 2
Flag 3
Flag 4
Flag 5

# OSU MPI Allgather Latency Test v5.6.2
# Size       Avg Latency(us)
1                      23.65
2                      21.11
4                      21.31
8                      21.42
16                     21.98
32                     22.62
64                     24.70
128                    27.93
256                    34.32
512                    43.88
1024                   62.70
2048                   97.20
4096                  183.55
8192                  407.96
16384                1136.22
32768                4583.76
65536                9762.71
131072              20443.00
262144              43883.91
524288              86235.65
1048576            166138.25
2097152            336976.53
Flag 0
Flag 1
Flag 2
Flag 3
Flag 4
Flag 5

# OSU MPI Allgather Latency Test v5.6.2
# Size       Avg Latency(us)
1                      23.71
2                      21.04
4                      21.29
8                      21.43
16                     22.00
32                     22.62
64                     24.82
128                    27.91
256                    34.30
512                    44.06
1024                   62.63
2048                   97.02
4096                  184.01
8192                  405.88
16384                1144.04
32768                4670.37
65536                9660.79
131072              20664.83
262144              44288.44
524288              86854.82
1048576            165814.38
2097152            336425.76
