Flag 0
Flag 1
Flag 2
Flag 3
Flag 4
Flag 5

# OSU MPI Allgather Latency Test v5.6.2
# Size       Avg Latency(us)
1                      22.43
2                      20.32
4                      20.38
8                      20.59
16                     21.09
32                     21.74
64                     23.91
128                    26.98
256                    32.70
512                    41.54
1024                   58.46
2048                   89.92
4096                  153.44
8192                  295.49
16384                 593.04
32768                1368.06
65536                2819.60
131072               6002.17
262144              12479.41
524288              24942.72
1048576             49288.47
2097152             98107.96
Flag 0
Flag 1
Flag 2
Flag 3
Flag 4
Flag 5

# OSU MPI Allgather Latency Test v5.6.2
# Size       Avg Latency(us)
1                      22.40
2                      20.34
4                      20.43
8                      20.63
16                     21.17
32                     21.79
64                     23.94
128                    27.05
256                    32.82
512                    41.57
1024                   58.73
2048                   90.06
4096                  154.08
8192                  295.67
16384                 590.04
32768                1361.97
65536                2830.24
131072               6012.30
262144              12463.86
524288              24918.30
1048576             49304.00
2097152             97990.70
Flag 0
Flag 1
Flag 2
Flag 3
Flag 4
Flag 5

# OSU MPI Allgather Latency Test v5.6.2
# Size       Avg Latency(us)
1                      22.41
2                      20.27
4                      20.37
8                      20.56
16                     21.08
32                     21.76
64                     23.86
128                    26.93
256                    32.83
512                    41.54
1024                   58.48
2048                   89.77
4096                  153.18
8192                  293.74
16384                 590.62
32768                1358.09
65536                2827.58
131072               5981.24
262144              12474.39
524288              24925.23
1048576             49340.62
2097152             98058.69
Flag 0
Flag 1
Flag 2
Flag 3
Flag 4
Flag 5

# OSU MPI Allgather Latency Test v5.6.2
# Size       Avg Latency(us)
1                      22.36
2                      20.42
4                      20.40
8                      20.60
16                     21.12
32                     21.89
64                     23.95
128                    27.03
256                    32.79
512                    41.50
1024                   58.54
2048                   90.22
4096                  153.44
8192                  294.28
16384                 591.86
32768                1371.78
65536                2830.11
131072               6005.46
262144              12501.05
524288              24945.49
1048576             49233.16
2097152             98103.01
Flag 0
Flag 1
Flag 2
Flag 3
Flag 4
Flag 5

# OSU MPI Allgather Latency Test v5.6.2
# Size       Avg Latency(us)
1                      22.51
2                      20.40
4                      20.46
8                      20.64
16                     21.17
32                     21.80
64                     23.99
128                    27.09
256                    32.67
512                    41.56
1024                   58.48
2048                   89.71
4096                  153.09
8192                  294.05
16384                 590.75
32768                1364.70
65536                2820.28
131072               5990.60
262144              12450.30
524288              24973.06
1048576             49369.96
2097152             98105.25
Flag 0
Flag 1
Flag 2
Flag 3
Flag 4
Flag 5

# OSU MPI Allgather Latency Test v5.6.2
# Size       Avg Latency(us)
1                      22.39
2                      20.32
4                      20.38
8                      20.58
16                     21.12
32                     21.76
64                     23.95
128                    26.97
256                    32.63
512                    41.50
1024                   58.47
2048                   89.85
4096                  153.37
8192                  293.95
16384                 590.92
32768                1370.07
65536                2832.09
131072               6010.93
262144              12491.50
524288              24956.20
1048576             49293.60
2097152             97872.15
Flag 0
Flag 1
Flag 2
Flag 3
Flag 4
Flag 5

# OSU MPI Allgather Latency Test v5.6.2
# Size       Avg Latency(us)
1                      22.45
2                      20.31
4                      20.43
8                      20.62
16                     21.14
32                     21.80
64                     23.92
128                    27.08
256                    32.79
512                    41.51
1024                   58.51
2048                   89.96
4096                  153.22
8192                  294.98
16384                 595.67
32768                1370.86
65536                2835.46
131072               6008.59
262144              12510.29
524288              24953.20
1048576             49263.10
2097152             98152.36
Flag 0
Flag 1
Flag 2
Flag 3
Flag 4
Flag 5

# OSU MPI Allgather Latency Test v5.6.2
# Size       Avg Latency(us)
1                      22.46
2                      20.34
4                      20.42
8                      20.61
16                     21.09
32                     21.74
64                     23.86
128                    26.95
256                    32.75
512                    41.47
1024                   58.42
2048                   89.79
4096                  153.45
8192                  294.37
16384                 593.36
32768                1365.23
65536                2827.06
131072               6003.60
262144              12485.32
524288              24933.21
1048576             49315.25
2097152             98187.96
Flag 0
Flag 1
Flag 2
Flag 3
Flag 4
Flag 5

# OSU MPI Allgather Latency Test v5.6.2
# Size       Avg Latency(us)
1                      22.45
2                      20.29
4                      20.37
8                      20.61
16                     21.12
32                     21.79
64                     23.92
128                    27.04
256                    32.69
512                    41.53
1024                   58.53
2048                   89.80
4096                  153.69
8192                  294.12
16384                 588.45
32768                1358.88
65536                2826.14
131072               5984.69
262144              12452.46
524288              24943.33
1048576             49161.01
2097152             98036.70
Flag 0
Flag 1
Flag 2
Flag 3
Flag 4
Flag 5

# OSU MPI Allgather Latency Test v5.6.2
# Size       Avg Latency(us)
1                      22.39
2                      20.31
4                      20.47
8                      20.62
16                     21.11
32                     21.79
64                     23.91
128                    27.01
256                    32.69
512                    41.52
1024                   58.41
2048                   89.85
4096                  153.62
8192                  294.24
16384                 591.86
32768                1369.55
65536                2822.58
131072               6010.02
262144              12464.79
524288              24962.14
1048576             49293.65
2097152             98027.75
Flag 0
Flag 1
Flag 2
Flag 3
Flag 4
Flag 5

# OSU MPI Allgather Latency Test v5.6.2
# Size       Avg Latency(us)
1                      22.50
2                      20.29
4                      20.40
8                      20.58
16                     21.26
32                     21.99
64                     23.92
128                    27.00
256                    32.78
512                    41.44
1024                   58.51
2048                   89.90
4096                  153.30
8192                  295.40
16384                 591.33
32768                1365.70
65536                2827.31
131072               6001.45
262144              12499.58
524288              24971.81
1048576             49190.77
2097152             98213.05
Flag 0
Flag 1
Flag 2
Flag 3
Flag 4
Flag 5

# OSU MPI Allgather Latency Test v5.6.2
# Size       Avg Latency(us)
1                      22.46
2                      20.36
4                      20.45
8                      20.61
16                     21.13
32                     21.82
64                     23.94
128                    27.08
256                    32.86
512                    41.48
1024                   58.46
2048                   89.95
4096                  153.76
8192                  293.76
16384                 593.68
32768                1369.71
65536                2827.58
131072               6001.21
262144              12462.94
524288              24977.56
1048576             49256.37
2097152             98189.36
Flag 0
Flag 1
Flag 2
Flag 3
Flag 4
Flag 5

# OSU MPI Allgather Latency Test v5.6.2
# Size       Avg Latency(us)
1                      22.34
2                      20.26
4                      20.35
8                      20.59
16                     21.07
32                     21.70
64                     23.84
128                    26.93
256                    32.66
512                    41.40
1024                   58.52
2048                   89.84
4096                  153.46
8192                  294.42
16384                 598.96
32768                1363.13
65536                2809.79
131072               5988.80
262144              12484.58
524288              24949.01
1048576             49271.39
2097152             98033.49
Flag 0
Flag 1
Flag 2
Flag 3
Flag 4
Flag 5

# OSU MPI Allgather Latency Test v5.6.2
# Size       Avg Latency(us)
1                      22.38
2                      20.29
4                      20.38
8                      20.59
16                     21.10
32                     21.80
64                     23.94
128                    26.99
256                    32.73
512                    41.41
1024                   58.43
2048                   89.60
4096                  153.09
8192                  295.21
16384                 590.02
32768                1364.36
65536                2838.44
131072               6014.31
262144              12503.33
524288              24906.04
1048576             49247.96
2097152             98104.54
Flag 0
Flag 1
Flag 2
Flag 3
Flag 4
Flag 5

# OSU MPI Allgather Latency Test v5.6.2
# Size       Avg Latency(us)
1                      22.43
2                      20.37
4                      20.37
8                      20.58
16                     21.18
32                     21.75
64                     23.88
128                    27.05
256                    32.81
512                    41.46
1024                   58.45
2048                   89.81
4096                  153.39
8192                  292.53
16384                 593.56
32768                1368.70
65536                2830.31
131072               5999.01
262144              12483.22
524288              24917.57
1048576             49158.79
2097152             98076.65
