Flag 0
Flag 1
Flag 2
Flag 3
Flag 4
Flag 5

# OSU MPI Allgather Latency Test v5.6.2
# Size       Avg Latency(us)
1                      24.29
2                      22.22
4                      22.41
8                      22.46
16                     23.04
32                     24.28
64                     26.95
128                    30.44
256                    37.37
512                    48.58
1024                   71.04
2048                  113.85
4096                  249.96
8192                  873.45
16384                4478.29
32768                9716.44
65536               19374.31
131072              38911.13
262144              77597.09
524288             148488.17
1048576            284833.99
2097152            578995.47
Flag 0
Flag 1
Flag 2
Flag 3
Flag 4
Flag 5

# OSU MPI Allgather Latency Test v5.6.2
# Size       Avg Latency(us)
1                      24.03
2                      22.27
4                      22.33
8                      22.35
16                     22.96
32                     24.29
64                     26.90
128                    30.52
256                    37.42
512                    48.61
1024                   71.24
2048                  113.77
4096                  245.08
8192                  883.06
16384                4480.30
32768                9700.79
65536               19409.55
131072              38893.51
262144              77701.43
524288             148590.71
1048576            284785.07
2097152            579116.19
Flag 0
Flag 1
Flag 2
Flag 3
Flag 4
Flag 5

# OSU MPI Allgather Latency Test v5.6.2
# Size       Avg Latency(us)
1                      24.61
2                      22.57
4                      22.77
8                      22.66
16                     23.30
32                     24.49
64                     27.12
128                    30.65
256                    37.45
512                    48.70
1024                   71.28
2048                  113.55
4096                  245.91
8192                  882.05
16384                4480.73
32768                9751.79
65536               19403.82
131072              38909.12
262144              77683.96
524288             148662.44
1048576            284599.67
2097152            579149.17
Flag 0
Flag 1
Flag 2
Flag 3
Flag 4
Flag 5

# OSU MPI Allgather Latency Test v5.6.2
# Size       Avg Latency(us)
1                      24.19
2                      22.24
4                      22.52
8                      22.43
16                     23.02
32                     24.22
64                     26.86
128                    30.53
256                    37.41
512                    48.61
1024                   71.13
2048                  113.51
4096                  244.14
8192                  872.28
16384                4483.00
32768                9726.33
65536               19403.95
131072              38862.81
262144              77588.18
524288             148647.50
1048576            284433.28
2097152            579874.06
Flag 0
Flag 1
Flag 2
Flag 3
Flag 4
Flag 5

# OSU MPI Allgather Latency Test v5.6.2
# Size       Avg Latency(us)
1                      24.54
2                      22.60
4                      22.80
8                      22.78
16                     23.31
32                     24.57
64                     27.25
128                    30.63
256                    37.51
512                    48.76
1024                   71.42
2048                  113.95
4096                  243.63
8192                  863.52
16384                4520.47
32768                9701.34
65536               19370.92
131072              38862.42
262144              77668.78
524288             148127.46
1048576            284745.20
2097152            578745.31
Flag 0
Flag 1
Flag 2
Flag 3
Flag 4
Flag 5

# OSU MPI Allgather Latency Test v5.6.2
# Size       Avg Latency(us)
1                      24.57
2                      22.57
4                      22.68
8                      22.89
16                     23.21
32                     24.47
64                     27.20
128                    30.69
256                    37.46
512                    48.75
1024                   71.33
2048                  114.34
4096                  250.90
8192                  884.64
16384                4480.32
32768                9741.65
65536               19405.33
131072              38895.78
262144              77801.19
524288             148252.40
1048576            284643.13
2097152            578947.67
Flag 0
Flag 1
Flag 2
Flag 3
Flag 4
Flag 5

# OSU MPI Allgather Latency Test v5.6.2
# Size       Avg Latency(us)
1                      24.88
2                      22.70
4                      22.77
8                      22.88
16                     23.43
32                     24.64
64                     27.22
128                    30.67
256                    37.51
512                    48.65
1024                   71.34
2048                  113.86
4096                  249.14
8192                  875.14
16384                4480.01
32768                9724.50
65536               19399.87
131072              38830.39
262144              77713.72
524288             148726.44
1048576            284808.03
2097152            579573.67
Flag 0
Flag 1
Flag 2
Flag 3
Flag 4
Flag 5

# OSU MPI Allgather Latency Test v5.6.2
# Size       Avg Latency(us)
1                      24.47
2                      22.34
4                      22.61
8                      22.74
16                     23.19
32                     24.74
64                     27.05
128                    30.56
256                    37.51
512                    48.65
1024                   71.27
2048                  114.17
4096                  250.67
8192                  886.98
16384                4483.61
32768                9723.74
65536               19361.33
131072              38872.35
262144              77788.79
524288             148328.04
1048576            284692.06
2097152            578427.97
Flag 0
Flag 1
Flag 2
Flag 3
Flag 4
Flag 5

# OSU MPI Allgather Latency Test v5.6.2
# Size       Avg Latency(us)
1                      24.16
2                      22.23
4                      22.34
8                      22.42
16                     23.01
32                     24.19
64                     26.87
128                    30.54
256                    37.42
512                    48.63
1024                   71.35
2048                  114.74
4096                  251.11
8192                  873.59
16384                4481.79
32768                9718.62
65536               19402.00
131072              38925.68
262144              77714.09
524288             148298.33
1048576            284620.64
2097152            579588.68
Flag 0
Flag 1
Flag 2
Flag 3
Flag 4
Flag 5

# OSU MPI Allgather Latency Test v5.6.2
# Size       Avg Latency(us)
1                      27.00
2                      24.03
4                      24.35
8                      24.45
16                     25.04
32                     26.34
64                     28.27
128                    31.59
256                    37.90
512                    48.76
1024                   71.28
2048                  114.68
4096                  252.23
8192                  895.93
16384                4478.59
32768                9701.28
65536               19376.49
131072              38899.72
262144              77795.46
524288             148776.72
1048576            284706.58
2097152            579441.16
Flag 0
Flag 1
Flag 2
Flag 3
Flag 4
Flag 5

# OSU MPI Allgather Latency Test v5.6.2
# Size       Avg Latency(us)
1                      24.58
2                      22.70
4                      22.76
8                      22.89
16                     23.43
32                     24.64
64                     27.30
128                    30.66
256                    37.44
512                    48.70
1024                   71.39
2048                  114.41
4096                  253.14
8192                  895.45
16384                4491.05
32768                9766.16
65536               19394.77
131072              38912.64
262144              77739.43
524288             148569.44
1048576            284423.17
2097152            579047.99
Flag 0
Flag 1
Flag 2
Flag 3
Flag 4
Flag 5

# OSU MPI Allgather Latency Test v5.6.2
# Size       Avg Latency(us)
1                      24.10
2                      22.33
4                      22.50
8                      22.52
16                     23.15
32                     24.27
64                     26.96
128                    30.61
256                    37.39
512                    48.66
1024                   71.24
2048                  114.18
4096                  251.95
8192                  881.11
16384                4478.77
32768                9711.51
65536               19393.39
131072              38884.18
262144              77848.57
524288             148369.62
1048576            284373.26
2097152            579391.65
Flag 0
Flag 1
Flag 2
Flag 3
Flag 4
Flag 5

# OSU MPI Allgather Latency Test v5.6.2
# Size       Avg Latency(us)
1                      24.98
2                      22.96
4                      23.54
8                      23.53
16                     23.99
32                     25.38
64                     27.55
128                    31.11
256                    37.52
512                    48.89
1024                   71.56
2048                  114.37
4096                  251.20
8192                  880.71
16384                4482.94
32768                9723.41
65536               19386.84
131072              38813.78
262144              77821.38
524288             148503.94
1048576            284732.09
2097152            578936.71
Flag 0
Flag 1
Flag 2
Flag 3
Flag 4
Flag 5

# OSU MPI Allgather Latency Test v5.6.2
# Size       Avg Latency(us)
1                      24.19
2                      22.21
4                      22.45
8                      22.38
16                     23.06
32                     24.16
64                     26.92
128                    30.54
256                    37.39
512                    48.66
1024                   71.28
2048                  114.18
4096                  250.81
8192                  880.40
16384                4478.11
32768                9710.39
65536               19352.13
131072              38902.25
262144              77633.09
524288             148586.17
1048576            284309.05
2097152            579171.12
Flag 0
Flag 1
Flag 2
Flag 3
Flag 4
Flag 5

# OSU MPI Allgather Latency Test v5.6.2
# Size       Avg Latency(us)
1                      24.06
2                      22.30
4                      22.43
8                      22.53
16                     23.04
32                     24.33
64                     26.98
128                    30.56
256                    37.44
512                    48.69
1024                   71.28
2048                  114.30
4096                  249.93
8192                  881.98
16384                4479.37
32768                9706.37
65536               19417.59
131072              38947.96
262144              77751.39
524288             148471.67
1048576            284638.44
2097152            578600.09
