Flag 0
Flag 1
Flag 2
Flag 3
Flag 4
Flag 5

# OSU MPI Allgather Latency Test v5.6.2
# Size       Avg Latency(us)
1                      22.63
2                      21.05
4                      21.07
8                      21.19
16                     21.90
32                     23.24
64                     25.86
128                    29.13
256                    35.15
512                    45.18
1024                   66.65
2048                  100.73
4096                  181.68
8192                  438.48
16384                 986.22
32768                2002.47
65536                4056.90
131072               8517.54
262144              17345.59
524288              34580.07
1048576             67769.60
2097152            158622.82
Flag 0
Flag 1
Flag 2
Flag 3
Flag 4
Flag 5

# OSU MPI Allgather Latency Test v5.6.2
# Size       Avg Latency(us)
1                      22.59
2                      21.06
4                      21.04
8                      21.14
16                     21.82
32                     23.17
64                     25.73
128                    29.15
256                    34.99
512                    45.11
1024                   66.34
2048                  100.75
4096                  181.55
8192                  435.54
16384                 980.17
32768                2002.28
65536                4059.42
131072               8529.79
262144              17390.75
524288              34514.35
1048576             67904.15
2097152            158939.46
Flag 0
Flag 1
Flag 2
Flag 3
Flag 4
Flag 5

# OSU MPI Allgather Latency Test v5.6.2
# Size       Avg Latency(us)
1                      23.00
2                      21.46
4                      21.60
8                      21.60
16                     22.09
32                     23.59
64                     26.17
128                    29.40
256                    35.03
512                    45.20
1024                   66.41
2048                  100.78
4096                  181.38
8192                  440.62
16384                 984.82
32768                2008.12
65536                4057.47
131072               8515.78
262144              17354.08
524288              34535.60
1048576             67970.75
2097152            158954.19
Flag 0
Flag 1
Flag 2
Flag 3
Flag 4
Flag 5

# OSU MPI Allgather Latency Test v5.6.2
# Size       Avg Latency(us)
1                      22.65
2                      21.00
4                      21.02
8                      21.12
16                     21.65
32                     23.18
64                     25.76
128                    29.18
256                    34.98
512                    45.21
1024                   66.50
2048                  101.00
4096                  181.45
8192                  441.46
16384                 995.44
32768                2007.62
65536                4060.30
131072               8528.07
262144              17373.12
524288              34514.71
1048576             67843.93
2097152            158672.26
Flag 0
Flag 1
Flag 2
Flag 3
Flag 4
Flag 5

# OSU MPI Allgather Latency Test v5.6.2
# Size       Avg Latency(us)
1                      23.00
2                      21.42
4                      21.35
8                      21.52
16                     22.02
32                     23.39
64                     26.18
128                    29.20
256                    35.06
512                    45.16
1024                   66.37
2048                  100.74
4096                  181.19
8192                  436.80
16384                 972.17
32768                1996.97
65536                4063.63
131072               8530.95
262144              17368.82
524288              34513.98
1048576             67767.34
2097152            159093.66
Flag 0
Flag 1
Flag 2
Flag 3
Flag 4
Flag 5

# OSU MPI Allgather Latency Test v5.6.2
# Size       Avg Latency(us)
1                      25.89
2                      23.26
4                      23.32
8                      23.24
16                     23.97
32                     25.36
64                     27.61
128                    30.40
256                    35.33
512                    45.22
1024                   66.49
2048                  100.83
4096                  181.18
8192                  436.54
16384                 983.91
32768                1999.87
65536                4050.35
131072               8511.07
262144              17336.71
524288              34533.83
1048576             67850.61
2097152            158964.24
Flag 0
Flag 1
Flag 2
Flag 3
Flag 4
Flag 5

# OSU MPI Allgather Latency Test v5.6.2
# Size       Avg Latency(us)
1                      24.09
2                      22.12
4                      22.03
8                      22.05
16                     22.66
32                     23.99
64                     26.59
128                    29.71
256                    35.27
512                    45.18
1024                   66.51
2048                  101.10
4096                  181.80
8192                  438.40
16384                 989.44
32768                2011.08
65536                4063.88
131072               8515.54
262144              17358.80
524288              34582.06
1048576             67877.11
2097152            158533.30
Flag 0
Flag 1
Flag 2
Flag 3
Flag 4
Flag 5

# OSU MPI Allgather Latency Test v5.6.2
# Size       Avg Latency(us)
1                      22.86
2                      21.33
4                      21.31
8                      21.31
16                     21.95
32                     23.32
64                     25.80
128                    29.23
256                    35.08
512                    45.20
1024                   66.46
2048                  100.68
4096                  180.84
8192                  439.09
16384                 990.32
32768                2004.52
65536                4056.72
131072               8535.39
262144              17363.77
524288              34530.02
1048576             67779.31
2097152            158479.84
Flag 0
Flag 1
Flag 2
Flag 3
Flag 4
Flag 5

# OSU MPI Allgather Latency Test v5.6.2
# Size       Avg Latency(us)
1                      25.51
2                      23.40
4                      23.01
8                      23.06
16                     23.66
32                     25.03
64                     27.24
128                    30.59
256                    35.70
512                    45.35
1024                   66.55
2048                  100.75
4096                  181.46
8192                  434.70
16384                 972.99
32768                1990.19
65536                4051.09
131072               8514.20
262144              17369.06
524288              34506.24
1048576             67732.86
2097152            158907.71
Flag 0
Flag 1
Flag 2
Flag 3
Flag 4
Flag 5

# OSU MPI Allgather Latency Test v5.6.2
# Size       Avg Latency(us)
1                      25.90
2                      23.22
4                      23.21
8                      23.19
16                     23.79
32                     25.23
64                     27.34
128                    30.45
256                    35.45
512                    45.30
1024                   66.48
2048                  101.00
4096                  182.03
8192                  435.71
16384                 980.89
32768                1999.21
65536                4051.09
131072               8484.39
262144              17344.68
524288              34611.66
1048576             67705.55
2097152            158507.71
Flag 0
Flag 1
Flag 2
Flag 3
Flag 4
Flag 5

# OSU MPI Allgather Latency Test v5.6.2
# Size       Avg Latency(us)
1                      23.12
2                      21.45
4                      21.55
8                      21.74
16                     22.10
32                     23.58
64                     26.19
128                    29.52
256                    35.33
512                    45.41
1024                   66.51
2048                  101.33
4096                  181.61
8192                  439.56
16384                 988.61
32768                2005.65
65536                4040.93
131072               8505.60
262144              17371.90
524288              34524.08
1048576             67922.39
2097152            158596.23
Flag 0
Flag 1
Flag 2
Flag 3
Flag 4
Flag 5

# OSU MPI Allgather Latency Test v5.6.2
# Size       Avg Latency(us)
1                      22.01
2                      20.64
4                      20.68
8                      20.83
16                     21.36
32                     22.84
64                     25.42
128                    28.99
256                    35.00
512                    45.17
1024                   66.30
2048                  100.74
4096                  180.46
8192                  435.83
16384                 983.23
32768                1998.03
65536                4050.58
131072               8514.00
262144              17374.39
524288              34574.87
1048576             67974.83
2097152            158587.57
Flag 0
Flag 1
Flag 2
Flag 3
Flag 4
Flag 5

# OSU MPI Allgather Latency Test v5.6.2
# Size       Avg Latency(us)
1                      25.70
2                      23.01
4                      23.21
8                      23.29
16                     23.65
32                     25.59
64                     27.46
128                    30.63
256                    35.42
512                    45.30
1024                   66.46
2048                  100.82
4096                  181.22
8192                  440.75
16384                 986.70
32768                1994.91
65536                4047.57
131072               8538.24
262144              17391.24
524288              34530.38
1048576             67907.31
2097152            158752.67
Flag 0
Flag 1
Flag 2
Flag 3
Flag 4
Flag 5

# OSU MPI Allgather Latency Test v5.6.2
# Size       Avg Latency(us)
1                      22.62
2                      21.12
4                      21.27
8                      21.35
16                     21.72
32                     23.14
64                     25.72
128                    29.35
256                    35.02
512                    45.22
1024                   66.50
2048                  100.73
4096                  180.49
8192                  436.53
16384                 979.03
32768                1997.93
65536                4048.97
131072               8524.26
262144              17343.53
524288              34545.50
1048576             67826.31
2097152            158829.24
Flag 0
Flag 1
Flag 2
Flag 3
Flag 4
Flag 5

# OSU MPI Allgather Latency Test v5.6.2
# Size       Avg Latency(us)
1                      23.00
2                      21.19
4                      21.33
8                      21.37
16                     21.89
32                     23.34
64                     25.99
128                    29.21
256                    35.05
512                    45.21
1024                   66.57
2048                  100.97
4096                  181.50
8192                  441.51
16384                 997.01
32768                2007.94
65536                4061.34
131072               8528.32
262144              17346.15
524288              34531.93
1048576             67794.94
2097152            158627.22
